32768
32769
32772
32774
32775
32777
32778
32782
32787
32790
32791
32793
32796
32800
32802
32804
65587
32826
32832
32833
32836
32837
32838
32843
32847
32849
32850
65622
32856
32858
32861
32864
32866
32867
32872
32879
32884
32889
32897
32903
32907
32910
32911
32915
32916
32918
32920
32923
32934
32935
32941
32944
32951
32953
32957
32958
32960
32961
32964
32969
32970
32971
32981
32982
32984
32985
32989
32997
32998
33000
33005
33006
33007
33009
33010
33011
33014
33017
33025
33027
33030
33031
33034
33035
33036
33039
33043
33045
33062
33063
33064
33066
33067
33068
33071
33072
33074
33075
33076
33077
33079
33084
33085
33086
33089
33092
33094
33099
33105
33106
33108
33119
33136
33145
33146
33148
33149
33150
33151
33154
33156
33160
33167
33168
33169
33172
33185
33190
33191
33198
33206
33210
33211
33216
33217
33219
33221
33224
33225
33226
65992
33228
33229
33231
33235
33236
33237
33239
33240
33244
33246
33247
33248
33250
33256
33263
33264
33266
33268
33269
33271
33272
33273
33280
33282
33285
33286
33287
33288
33290
33291
33301
33302
33303
33304
33305
33307
33308
33309
33312
33317
33321
33323
33330
33333
33341
33342
33350
33353
33354
33355
33363
33364
33365
33366
33368
33378
33381
33385
33386
33387
33388
33389
33390
33391
33392
33393
33395
33402
33403
33408
33412
33415
33416
33417
33422
33429
33431
33433
33435
33437
33438
33445
33448
33451
33454
33455
33458
33459
33463
33467
33468
33469
33470
33472
33473
33474
33478
33479
33496
33497
33498
33499
33500
33503
33506
33508
33509
33513
33514
33519
33520
33523
33526
33527
33528
33530
33532
33533
33537
33545
33546
33547
33549
33552
33553
33558
33570
33575
33576
33577
33586
33593
33595
33600
33601
33602
33603
33605
33611
33612
33619
33626
33630
33631
33635
33643
33646
33648
33649
66419
33652
33653
66421
66423
33656
33657
66426
66427
66428
66429
66430
66431
66434
33668
66438
66439
66440
33672
66442
66443
33675
66444
66445
66447
66448
33680
33674
33676
33685
66453
66455
33686
33691
33694
66464
33697
66465
33699
33700
66468
33696
66471
33698
66469
66478
33711
66481
66482
66483
66484
33717
66487
66488
33721
66490
33723
66492
66494
66495
33727
66497
66498
66500
33733
66502
66501
33732
66505
66506
33742
66512
66515
33749
33750
66519
33752
33753
33754
66523
66522
33758
33759
33761
66531
33764
33769
66538
66539
33772
66540
66541
66542
33776
33777
33773
66547
33779
33781
66550
66543
33784
33780
33786
33787
66556
33788
33789
33791
66557
66559
66562
33795
33796
66560
33798
66567
66568
33801
66570
33803
33804
33805
33799
33807
33808
66576
33810
33811
33813
33814
33815
33816
66581
66586
33819
33820
33817
66590
33822
66592
66593
33823
66594
33828
66597
33830
66599
66595
33833
66602
66603
33836
66605
33838
33839
33841
33842
33843
66612
33845
33847
66616
66620
66621
66622
66624
33857
66626
66627
33860
66628
66629
66630
33864
33865
33866
33867
66631
33869
66638
66637
66640
33873
33874
33875
66642
66636
33870
33880
33882
66650
33884
66652
33886
33887
33888
66657
33889
33891
33892
33893
66656
33895
66663
66665
66666
66667
66668
33901
66670
66671
66672
33903
66674
66675
66676
33909
66678
66677
66680
33913
66682
66681
33915
66685
66683
66686
33920
66688
66690
33922
66691
33919
66694
33927
66696
33929
33930
66697
66700
33933
33932
66703
33936
66705
66698
66707
33939
66702
66710
66711
33943
66713
66714
33946
33948
33949
33950
33951
33952
33953
66722
66716
33956
66725
33957
66727
33960
66724
33962
33963
33964
33965
33966
33967
33968
33969
33970
33971
33972
66740
66736
66743
66744
66739
33978
33979
66748
33984
33986
66757
66758
66759
66762
66763
66766
66768
34002
34003
34004
34005
66772
66770
34008
66777
34009
34012
66780
34014
66783
34016
66786
34019
66796
34028
66798
34030
66797
34033
34034
34035
66802
34037
34038
34039
66808
34041
66809
34043
34044
34045
34046
34047
34048
66816
34050
34051
34052
66821
34053
34055
34056
66825
34058
34057
34060
34054
34062
34059
34063
34065
34066
66830
34068
66837
66838
66839
66831
66832
34074
34075
66843
34077
66846
66847
66840
66849
34073
66851
66852
34085
66854
34087
34088
66857
66853
34091
34092
34093
34094
66861
34096
66864
66865
34099
34100
66866
66868
34095
66870
66869
66874
66875
34109
66877
66880
34114
66884
66886
66890
66891
66892
34123
66894
66893
34128
34130
66904
66908
66911
34144
66914
66916
66917
66918
66919
66921
66924
66927
66929
66930
66931
66932
66934
66935
34168
34170
34173
34176
34179
66950
34182
66952
34186
66958
66959
66960
34193
34190
66963
66964
66968
66970
34202
34204
66971
66972
66975
66976
34208
66978
34210
34211
34212
34215
34216
66985
66983
66987
66990
66991
66993
66997
34230
34233
67003
67007
67008
34241
67010
34240
34242
67011
34244
67017
34250
34251
34252
67020
34254
67023
67024
67021
34257
34259
67029
34263
67031
34265
34268
67039
67040
67042
34275
34276
67043
34278
34279
67048
67045
67047
34283
67051
67055
67057
67058
67059
67061
34296
34298
34299
34300
67068
67067
34303
67070
34305
67076
34310
34311
67079
67081
67082
34315
34316
34317
67086
34314
67088
34320
67090
67087
67092
67093
34327
67095
67096
67097
67098
67099
67101
67102
34334
34336
34338
67107
67111
67113
67114
34345
34348
67117
67116
34349
67120
34353
67121
67123
34354
34352
67126
67127
34359
67129
67128
67131
34364
67133
67134
67135
67136
67137
67132
34371
34372
67139
67142
67143
67140
34377
67145
34379
67148
67151
34385
67156
34389
67157
67159
34392
67158
34394
67163
34395
34397
67160
67167
67168
34401
67162
34396
34404
67173
34406
67174
34408
34410
34411
67180
34413
34414
67184
34416
34419
34420
34423
34424
67192
34426
34427
34428
67197
34430
34431
67199
67201
34432
34435
67202
67205
34438
67206
67207
67208
34442
67209
67212
67213
34446
67214
67216
34448
67217
34450
67220
34454
34455
34456
67222
67230
67232
34465
67234
34466
34468
67233
34470
67242
67243
34476
34479
34481
67249
67250
34483
34490
34492
67264
34497
34499
34500
67267
67271
34504
67273
67274
34506
34505
34503
67281
67282
67283
34516
67284
67286
67285
34515
67289
34520
34523
67291
67292
34526
34527
67293
34529
34530
67294
67300
34533
67302
67303
67304
34537
67306
67305
34540
34541
34542
67310
34544
67312
34545
34546
34548
67317
34549
34551
67320
34552
67313
67323
67315
67325
34558
67327
34560
34561
34562
67331
67332
67333
67330
67335
34567
67334
34572
34574
34575
34576
34577
34578
67347
67348
67349
34580
34579
67352
67346
34582
34591
67360
67361
67362
67363
67364
67365
34598
34601
34603
67378
34612
67380
67381
34618
67387
67388
34620
34622
67390
34621
67391
34626
67386
67396
67399
67400
34633
67401
67403
67402
67405
34635
34643
34649
67418
34654
67423
34656
67424
67426
67425
34657
67429
67430
34658
34660
34665
67434
34667
67436
34668
67438
67439
67440
67441
34673
34671
67437
34679
34680
34681
67448
67451
34684
34685
67453
67454
67455
67458
67459
67460
34694
67463
34697
34699
67468
34701
67470
34700
34704
67469
67474
67475
67477
34709
67479
67481
34714
34715
34716
34717
34718
34719
34720
67488
67490
34723
34724
34722
67486
67492
34728
34729
67493
34731
34732
67501
67502
34735
67503
67505
34738
34734
67508
67509
67510
34743
67511
67506
34746
34747
67517
67518
34750
67520
34751
67523
34756
67524
34757
67527
34759
34761
34760
34763
67532
34764
34766
67536
67538
67539
34770
34772
67542
34775
67543
34777
67540
34779
67550
34785
34788
34789
67556
34794
34796
34797
67564
67567
67571
67572
67573
34809
34810
67579
34812
34816
34818
67586
67587
34821
34822
67588
34823
67590
34825
34829
34831
34832
34834
34835
67606
34840
67612
34852
34855
34856
34857
34859
67628
67630
34863
34864
67632
34866
67634
34869
67637
67640
67641
34875
34876
34877
34878
34879
67653
67655
67657
67658
67659
67660
34892
34894
34895
34897
34898
34899
34900
34902
67671
34904
34906
34908
67677
34909
67680
67681
67682
34915
34916
67685
34913
34917
67688
34921
67690
67691
34919
34920
34926
67695
34922
67697
67698
34924
34931
34933
34934
34935
34936
34929
34938
34930
34941
34942
34943
34944
67711
34946
34948
34949
67717
34950
67720
34953
34954
34955
67724
34957
34956
34961
34962
67731
34964
67733
34966
67735
34967
34969
67737
67739
34963
67741
34972
34978
34980
67749
34982
67751
67753
34988
67756
34989
67760
34993
67762
34994
67763
67764
67767
67768
34999
35002
35003
67770
35005
67774
67775
35001
67771
67778
35011
35010
35013
67773
67783
67784
35017
67786
67787
67788
67789
35018
35023
67792
35025
67794
35027
35028
35029
67798
67796
67799
67801
67802
35037
67807
67808
35041
67809
67811
67812
35040
35047
35048
67816
35050
35049
35051
35053
35052
67823
67824
67825
35058
35059
67827
35054
35055
35056
67832
35066
67838
67839
35071
67840
35073
35075
35074
35077
67846
67847
67848
35080
67849
35081
35082
67853
35089
67858
67857
67860
67861
67862
35095
67865
35098
35097
67867
67866
35102
35103
35099
35107
67876
67877
67878
67880
35113
67882
67881
35116
35112
35123
67893
35126
67894
35130
67899
35132
35134
67903
67904
67905
35137
67906
35135
67909
35142
35143
35145
35146
67917
35150
35153
67922
67924
35157
67927
67928
35161
67930
35165
35166
67935
35168
67937
67938
67940
67941
35174
35175
35176
35178
67947
67948
35180
35183
35185
35188
67956
67958
67957
35192
67959
67962
35197
67966
35199
35200
35201
35202
35203
67972
67977
67981
67982
67983
35216
35217
35218
35219
35220
67988
67990
35214
67994
67995
67996
35235
35236
68005
68006
68007
68009
35242
35241
68011
68013
35246
68015
68012
68019
68022
68023
35256
68024
68026
68027
68028
68030
68031
68032
68033
68036
35269
35268
35273
68042
35275
68044
68045
35278
35277
68048
35280
35282
68052
68054
35288
35289
35290
35291
35292
35293
68062
35295
35296
35294
35298
35299
35297
68069
35302
68070
35304
35305
68074
68072
68068
35312
68083
35319
68089
68090
35323
35325
35329
35332
68103
68105
68106
68107
35339
68108
35342
35340
35338
68109
68110
35347
68118
68119
68120
35355
68123
35357
68124
35359
68126
35361
35363
35364
68132
68134
35366
68133
35368
68138
35370
35372
35371
35374
68143
35375
68144
68145
68146
35380
68149
68150
35382
35384
35385
68154
68155
68156
68148
68151
68159
35392
68161
35393
35395
35396
35400
35401
68170
68171
35404
35405
68174
35406
68176
35407
68178
35410
68180
35413
68181
68182
35414
68177
35418
68186
68189
35421
68191
68192
68193
68194
68195
35422
35429
68197
68199
68200
68201
35427
68203
68204
68205
68206
35439
35435
68209
68210
35443
68211
68213
35446
35447
68214
68217
35450
68216
68218
68219
68222
68223
35456
68225
68224
68226
68228
35461
35459
35454
68232
35465
68234
35467
35468
68237
68230
68239
35470
35473
68242
68243
35476
68245
35474
68247
68244
35481
68250
68251
68249
68253
68254
35487
68255
68257
35489
68259
68252
35484
68262
35495
35497
68266
35501
68270
35502
35504
35503
68278
68279
35518
35519
35520
68288
35521
35523
35522
68293
68294
68295
35527
68297
35531
68300
68301
68303
35536
68305
35537
35539
35546
68315
35549
68324
35557
35558
35556
35560
35561
68331
68333
35567
35568
68336
68338
68337
35572
35573
68341
35575
35576
68343
35578
35574
68348
68353
35585
35587
68357
68359
35594
35595
35596
35598
68369
35605
35606
35608
68376
35610
35612
35616
35618
35619
68390
68391
35625
68396
68399
68400
68402
68404
68405
35638
68407
35640
68410
68412
68414
68415
35648
68416
68418
35651
35652
68421
68422
68423
68420
68424
68426
68427
68428
68429
68433
68435
35671
68439
68442
68444
68445
68446
35679
68448
35680
68449
35682
68450
68451
35686
68453
68456
68454
68455
68459
35687
68452
35693
68463
68464
68465
68466
35698
68468
68469
68470
35695
35696
35705
35697
35708
68477
68478
68479
68480
35713
68482
68481
35715
35716
35717
68485
68487
68489
68490
35722
68492
35724
68494
35726
68496
68497
68491
68493
35732
35733
35734
35735
35736
68505
68506
68507
35740
68511
68512
68513
35746
35747
68516
35748
35750
35749
35753
68521
35755
68523
35759
35760
35761
68529
35763
35764
35765
68534
68535
35772
35775
35777
68546
35779
68548
68547
35782
35783
35784
35785
35786
35787
35781
68557
68558
35791
35792
35793
35794
35795
68564
68565
35797
68567
68568
68569
35802
68571
35796
68572
35806
68576
35809
68578
68581
35814
68582
68585
35818
35819
68588
35820
68590
35825
68595
68598
68599
35832
35830
35831
68605
68606
68607
68608
68609
35842
68610
68612
68611
68613
35843
35853
35854
35855
68624
68625
35859
68630
68631
35864
35867
35868
35869
68639
35873
68642
35875
35876
35877
68643
68641
35882
68652
35885
35886
68655
68653
35889
68661
68666
35899
35901
35902
35903
35904
35906
68674
68676
35908
35911
68680
35913
35914
35915
68684
68685
35918
35919
35917
68683
35922
35923
68692
35925
68687
68690
35928
68697
68698
35931
68700
68701
35932
35933
35935
35936
35937
35938
35939
35941
68708
68710
68707
68705
68711
68713
68714
68717
68718
35951
68715
68716
35957
35959
68728
68727
68729
35963
68731
68736
68739
35972
68741
35973
35975
35977
68747
35980
35981
35982
35985
35986
68755
68753
68757
68760
35993
35995
35996
35997
35998
35999
68766
68768
36004
36005
68773
36008
68776
68779
68781
36014
36013
68785
36017
36019
68788
36020
36018
36023
68791
36025
68796
68797
36031
36032
68799
36037
36039
68808
36040
36042
36043
36045
68815
68816
68817
36049
68822
68823
36056
36057
68824
68825
68828
68826
68830
68827
36064
68835
36067
36068
68838
36069
68840
68841
36074
68843
68844
68845
68846
68847
36078
68849
36076
68851
36084
68854
68855
68856
36089
36090
68857
36092
68860
68862
68863
68858
36096
36098
36099
36091
68869
36095
36103
36104
36105
36106
68876
68877
68879
68880
68885
68886
36120
68890
36123
68893
68895
68896
36129
68898
68899
68901
68902
68903
68904
68905
68907
68908
68910
36146
36147
36148
36150
36152
68921
68920
36155
68922
68929
68930
36164
36165
68936
36175
36176
68945
36177
68946
68947
36181
36180
68948
68950
68949
36179
36187
68955
68956
36193
36196
36199
68968
36200
36201
68969
68970
68971
68974
68975
68976
68977
68978
68979
68980
68981
68982
68983
36213
68985
36218
68987
36220
36217
36222
36223
68984
36219
36221
68996
36230
69000
36235
69006
36239
69009
69010
69011
69012
36244
36246
69016
36248
36249
36250
36252
36253
36251
69024
69025
36258
36256
69027
69026
36262
36263
69032
36264
69034
36267
36266
36269
36271
69041
36274
36275
36276
36277
36278
36279
69048
36280
69050
36281
69054
69055
69056
36291
69060
69059
69061
36295
36296
36297
36298
36299
69065
69069
36302
69071
69070
36300
69074
69080
69081
36314
69082
69083
36315
36317
69084
36320
69085
69086
69087
69089
36325
36318
69090
69096
69097
69092
69093
69094
69098
69102
69095
36336
69105
69100
69106
69108
69101
69110
69111
69112
69113
69114
69115
36348
69117
36350
69118
69119
69121
69122
36355
36356
36352
69126
36359
69128
36354
69132
69133
69134
69135
69136
69137
69138
36371
69140
69141
69142
69143
69144
69145
69146
69147
69139
36375
69151
36383
69154
69156
36388
36390
36392
36393
69162
69161
36396
69164
36397
69166
69163
69169
69165
36399
36404
36400
36406
69175
69177
36410
69178
69180
69181
36411
69183
69184
69185
36418
69189
36428
69196
69199
36432
36433
36435
36436
69208
36441
36442
69210
36444
36443
69214
36446
36448
36447
36449
69216
69217
69220
36453
36455
69224
69225
69226
69227
69219
69229
69222
69231
69232
69234
69237
36470
69238
69240
69241
69242
69246
36482
69250
36484
69251
69256
69257
36490
69259
69258
69262
69263
36497
69266
69267
69265
69269
36501
36505
69275
69276
69277
69278
36511
69279
36514
69285
36520
69289
36523
69292
69291
36526
69295
36528
36530
69298
36532
69300
36531
69302
69303
36536
36537
69306
36535
36538
36534
36542
69308
36544
36545
36547
69312
69314
69309
69321
36554
69323
69324
36557
36558
36559
69328
69327
69330
69331
69333
36568
69337
36571
36572
69341
69342
36575
36574
36576
36578
36579
36580
36581
69350
36583
69353
36589
69358
69359
69360
36593
69362
69361
36596
69364
36598
69363
69368
36600
36602
36603
69365
36605
69373
69375
69376
69377
69374
69379
69380
69381
69382
36615
36613
69386
69389
69390
36624
36626
69395
36629
69401
69405
69409
36642
69412
69413
69417
36650
36652
36653
69422
36655
36654
69425
36658
69427
69428
69424
69430
69431
69432
69433
36666
69435
36668
69436
69438
36669
69440
69441
36674
69443
36676
36677
69446
36675
69448
69449
36681
69450
69451
36683
36684
36687
36685
36689
69458
36691
36692
36693
36694
36695
69460
69465
36698
69466
69467
36701
36702
69471
69472
69473
36705
36704
36708
69477
69478
36710
69480
69483
36716
36717
69486
69487
36720
36725
36728
36729
36730
36734
69503
36735
36737
36738
36739
69508
36740
36742
36741
69512
36743
69515
36749
69518
69519
69520
36754
69523
36757
69527
69528
36761
69529
69530
69531
36766
69534
69536
69537
69535
69538
69539
69541
36767
36770
69545
69547
36779
36780
36782
36783
69552
36785
36784
36786
36788
69548
36790
69559
69551
36793
69553
36795
69564
36797
36796
36799
36800
69568
36802
36798
36804
36801
36806
36813
69583
36817
69587
36820
36821
36822
69590
69591
36825
36826
36827
36828
69588
36830
36832
69601
36833
69603
36835
36837
36838
36836
36840
36834
36842
36843
69611
36845
36846
69615
69616
36844
69618
69619
36852
69621
69620
69623
36856
36857
69624
36859
69627
69629
36861
69631
69632
69626
36866
69635
69634
69637
36871
69640
36873
69643
36875
36877
69646
69648
36881
36882
36883
36884
69653
69654
36886
69655
69657
69658
69661
69663
69664
69665
36898
69669
69670
69671
36904
36903
69674
36907
69676
69677
36901
69679
36912
69681
69682
36914
36916
36917
36915
36919
36920
36921
36922
36923
69692
69693
69694
69695
69696
36924
69698
69699
36925
36933
36926
36935
36936
36932
69700
36939
69704
69706
36942
36943
36945
69714
69715
36948
69717
36949
36951
36952
69721
36954
36955
69724
36956
69726
69727
36958
36957
36962
36959
36961
36963
69734
69735
69736
36969
69738
69739
36972
36971
36966
69737
69744
69745
69743
69747
69748
36980
36981
69751
36983
36985
69754
36987
69755
36989
36986
36991
36992
69761
36993
36990
69764
36997
69765
69762
69768
69770
37002
69772
37004
69771
69773
37008
69774
37010
37011
69780
37013
37014
37015
37012
69776
69786
37018
69788
37021
69790
37022
69792
37020
69794
69796
37029
69798
69799
37033
37035
69803
69805
69806
37039
37040
69809
69810
69811
37042
37045
37041
69815
69816
69817
69818
69819
37051
69812
69822
69823
69824
69825
37059
69827
69829
69830
37063
69832
37065
69828
37067
37066
69831
37071
69840
69841
37074
69842
69843
69845
37073
37079
69848
37080
37082
69851
69852
69853
69854
69855
37085
37089
37090
37084
37092
37093
37094
37086
69864
37097
37096
69867
69868
69860
69870
69871
69872
69873
37106
69875
69876
37108
69877
37111
69879
37113
69881
37112
69882
69885
37118
37119
69886
69887
69890
69891
69888
69893
69894
69889
69896
37124
37126
37131
37132
37133
69899
69903
69897
69905
69906
69907
37140
69909
69910
69911
37143
69913
37146
69915
37147
37145
37144
69916
69920
37153
69922
37152
69924
69918
69919
37159
69921
69929
69923
69926
69930
69933
69932
69935
69931
69934
69938
69939
37171
69941
69937
69943
69944
69945
69946
69947
69948
69949
69950
69951
69952
69953
69954
69955
37188
69956
69957
69958
69960
69959
69961
69963
69962
69965
69966
69967
69968
69969
69970
69971
69972
69973
69974
69975
69976
69977
69978
69979
69981
69983
69984
69985
69986
37215
69988
37217
69990
69991
69992
69993
69994
69995
69996
69998
70001
70002
70003
70004
70005
70006
70007
37240
37241
70010
37243
37244
37245
70014
70015
70016
70012
70018
70019
70020
70021
70022
70023
37250
37254
37258
37256
70024
70025
37262
70031
70033
37266
70034
37268
70038
70039
37272
70041
70043
70044
37277
70045
70046
70047
70048
70050
70049
37283
37285
70051
70052
70053
37289
37290
70058
37292
37293
37294
37295
37302
70072
70073
37304
70075
37308
70074
70078
37310
70079
37313
37314
70082
70084
70083
37318
70086
70088
70087
70089
70090
37324
37325
70094
37326
70095
70097
70098
37328
37329
70101
70102
70103
70104
37337
70106
37333
37334
37341
37342
70107
70108
70113
70114
70109
70116
70110
70118
70119
37350
70121
70122
37355
37356
70125
70126
37358
37359
70129
37360
70131
37363
70132
70134
37365
37364
70130
37370
70136
70140
70141
70142
70143
70144
70145
37372
70147
70148
70149
70150
37382
37376
70152
37387
70155
70157
70158
70159
70156
70161
70160
37395
37398
70167
70168
70169
37402
70171
70172
37405
37404
37403
70176
70177
37409
37414
70183
70186
37419
70187
70189
70190
37423
37424
70191
37426
70195
37428
70196
70198
70199
70200
70201
37431
70202
70203
70204
37438
70205
37437
37441
37434
37435
70206
37445
70207
70208
70209
70210
70211
70212
37452
70213
70214
70215
70216
37457
70217
70218
70219
70220
37462
70222
70223
70224
70225
37467
70227
70228
70229
70239
70240
37473
37472
37475
37471
70245
70242
70247
37480
70244
37482
37483
70246
70249
37486
37487
70250
37489
37490
70251
37492
70252
70262
70254
70255
37497
70266
70267
70268
70269
37502
37503
37500
70270
70271
70274
70276
70279
37512
70281
37514
70283
70282
70285
37518
70286
70287
70288
70290
70291
70292
70293
70294
70295
70296
70297
70298
37529
37532
70300
70301
70302
37536
70305
70306
70307
70308
70309
37540
70310
37544
70313
37542
37547
70316
70317
70321
70335
37568
70336
37570
37571
70338
37573
70342
70343
70344
70345
37575
70347
70348
37580
70349
70350
37584
37585
70354
70355
37587
37589
70357
70358
70359
70361
70362
37595
70360
70365
37593
70367
70370
37603
37604
70372
70374
70375
70377
37610
37611
70378
70381
70382
70383
70384
37613
70379
70380
37620
37621
70390
70391
70392
37625
70393
37627
70388
70389
37630
37631
70400
70401
70402
70403
37636
37634
70406
70407
70408
70409
37635
37637
37639
37640
70412
70413
70415
70417
70411
37651
70420
70421
70422
37655
70424
37656
70418
70427
70428
70429
70430
70431
70432
70433
37661
37665
70436
70434
70438
70439
70440
70441
70442
70443
70444
37675
70446
70447
37680
37681
37684
70453
37686
37688
37690
70458
70459
37693
70462
70463
70464
70465
70466
70467
37700
37698
37694
37703
37695
37705
37697
70469
37708
37709
70470
70473
37712
37713
37714
37715
37716
70477
37718
70487
70488
70489
37721
37720
70492
37717
70494
70495
70496
37729
70497
70490
37732
37733
70502
70503
37736
70504
37741
37742
37746
37749
37752
37754
37755
37758
37759
37761
37766
37768
37769
37770
37771
37773
37775
37776
37787
37788
37799
37800
37801
37802
37806
37808
37809
37810
37825
37826
37829
37831
37834
37835
37836
37837
37838
37847
37852
37853
37855
37865
37870
37871
37873
37874
37878
37879
37880
37881
37892
37894
37896
37897
37899
37901
37903
37904
37905
37906
37915
37916
37918
37920
37926
37927
37930
37931
37932
37934
37935
37940
37942
37952
37956
37960
37963
37972
37978
37981
37983
37985
37986
37987
37991
37994
37998
37999
38000
38001
38002
38004
38005
38008
38009
38012
38015
38018
38019
38022
38031
38035
38036
38043
38046
38052
38062
38065
38066
38070
38071
38072
38074
38076
38077
38082
38093
38096
38097
38098
38100
38102
38103
38108
38111
38116
38118
38119
38148
38152
38157
38160
38162
38163
38165
38173
38183
38186
38188
38190
38192
38194
38195
38201
38207
38214
38219
38224
38226
38227
38229
38230
38231
38232
38235
38237
38238
38240
38246
38247
38248
38252
38254
38256
38259
38260
38262
38264
38272
38273
38275
38276
38277
38278
38279
38281
38282
38283
38284
38286
38291
38297
38300
38306
38307
38311
38313
38315
38319
38322
38324
38325
38327
38334
38336
38339
38342
38344
38346
38350
38352
38355
38367
38371
38372
38377
38379
38380
38382
38385
38386
38389
38390
38392
38393
38394
38395
38397
38403
38411
38415
38417
38421
38422
38427
38428
38431
38436
38438
38443
38456
38457
38459
38464
38465
38478
38484
38497
38498
38502
38503
38508
38509
38510
38511
38513
38521
38532
38538
38542
38546
38548
38552
38559
38560
38561
38563
38564
38566
38567
38569
38570
38574
38575
38579
38580
38581
38582
38583
38585
38587
38588
38589
38591
38592
38594
38596
38597
38598
38599
38600
38601
38603
38605
38606
38609
38610
38614
38617
38619
38622
38624
38628
38629
38631
38634
38637
38638
38640
38641
38647
38655
38661
38664
38668
38674
38675
38676
38677
38678
38679
38680
38681
38686
38688
38689
38691
38693
38711
38716
38717
38719
38721
38723
38730
38731
38734
38740
38742
38744
38745
38746
38748
38749
38751
38754
38757
38758
38759
38762
38763
38764
38766
38767
38769
38771
38772
38773
38774
38776
38792
38793
38794
38800
38802
38807
38808
38810
38819
38820
38822
38823
38825
38827
38828
38832
38834
38835
38837
38839
38840
38842
38845
38848
38850
38855
38856
38860
38861
38862
38863
38864
38869
38870
38871
38873
38876
38877
38880
38882
38884
38892
38894
38895
38900
38901
38909
38912
38915
38927
38930
38933
38936
38939
38940
38941
38943
38948
38949
38953
38954
38955
38957
38960
38968
38969
38970
38973
38976
38979
38980
38987
38988
38989
38990
38995
33802
39000
39002
39003
39004
39005
39006
39007
39008
39018
39019
39020
39021
39025
39027
39029
39035
39036
39038
39043
39045
39047
39048
39049
39050
39054
39058
39061
39062
39071
39072
39075
39076
39077
39079
39080
39084
39088
39092
39093
39094
39095
39097
39098
39099
39101
39103
39105
39106
39113
39116
39118
39128
39139
39142
39144
39148
39150
39153
39154
39155
39161
39162
39164
39166
39169
39170
39173
39178
39197
39211
39220
39237
39241
39250
39251
39253
39256
39257
39258
39260
39261
39262
39263
39264
66420
39266
39269
39271
39275
39281
39284
39288
39291
39292
39294
39300
39302
39303
39305
39307
39308
39309
39311
39314
39318
39319
39320
39321
39322
39323
39325
39328
39331
39335
39336
39338
39343
39344
39346
39348
39349
39350
39351
39352
39354
39355
39357
39359
39361
39363
39438
39454
39455
39457
39459
39461
39463
39464
39468
39470
39476
39492
39494
39498
39504
39506
39512
39513
39515
39519
39521
39522
39523
39527
39528
39529
39530
39532
39535
39543
39572
39575
39576
39583
39590
39591
39594
39595
39596
39598
39602
39605
39607
33925
39617
39618
33926
39620
39621
39619
39623
39624
39626
39627
39629
39630
39631
39632
39635
39636
39638
39639
39641
39652
39661
39665
39666
39667
39669
39670
39673
39675
39681
39682
39685
39686
39688
39689
39690
39691
39693
39694
39701
39702
39708
39713
39744
39748
39755
39759
39762
39764
39766
39767
39768
39774
39775
39777
39803
39808
39810
39813
39815
39816
39818
39820
39823
39825
39826
39828
39832
39833
39835
39840
39841
39844
39847
39849
39854
39856
39860
39861
39864
39865
39866
39868
39870
39871
39872
39879
39887
39888
39891
39894
39897
39899
39901
39902
39905
39909
39910
39915
39920
39923
39924
39928
39929
39931
39932
39934
39939
39940
66555
39948
39950
39952
39953
39959
39964
39967
39971
39972
39973
39974
39975
39977
39978
39980
39981
39984
39989
66569
40019
40020
40022
40026
40031
40035
40037
40038
40040
40048
40049
40050
40052
40053
40055
40056
40058
40061
40064
40065
40067
40071
40073
40076
40091
40092
40094
40097
40098
40099
40100
40104
40106
40107
40108
40114
40115
66589
40118
40121
40122
40126
40128
40129
40131
40133
40135
40137
40138
40139
40141
40142
40145
40150
40151
40153
40156
40157
40160
40161
40163
40172
40182
40183
40185
40186
34040
40194
40197
34042
40216
40225
40227
40229
40231
40235
40236
40237
40238
40244
40245
40246
40247
40249
40251
40253
40254
40255
40256
40257
40258
40260
40261
40262
40263
40266
40271
40273
40274
40275
40276
40277
40280
40283
40288
40289
40293
40297
34061
40300
40301
40303
40306
40311
40315
40317
40318
40320
40333
40335
40341
40342
66635
40346
40349
40357
40359
40363
40386
40388
40403
40405
40406
40408
40412
40413
40414
40417
40419
40424
40428
40431
40433
40434
40436
40437
40440
40443
40444
40448
40449
40450
40451
40454
40459
40460
40461
40462
40463
40464
40465
40467
40469
40470
40471
40472
40473
40474
40475
40478
40479
40481
40487
40488
40492
40506
40509
40516
40517
40539
40543
40549
40550
40551
40554
40556
40557
40558
40559
40560
40561
40564
40571
40572
40575
40578
40584
40587
40591
40593
40603
40616
40617
40621
40624
40628
40634
40654
40657
40662
40664
40667
40669
40671
40674
40680
40681
40692
40693
40694
66704
40701
40705
40706
40709
40711
40719
40728
40729
40731
40734
40738
40741
40742
40744
66717
40759
40765
40766
40767
40773
66720
40775
40776
40777
40778
40781
40789
40790
40792
40794
40796
40798
40799
40804
40808
40810
40813
40816
40822
66730
40825
40830
40832
40835
40836
40842
40848
40849
40850
40851
40854
40855
40857
40860
40861
40862
40863
40864
40866
40867
40868
40869
40873
40874
40875
40877
40878
40879
40881
40882
40884
40885
40891
40892
40893
40894
40895
40897
40901
40904
40906
40908
40916
40920
40922
40923
40924
40927
40931
40936
40937
40940
40941
40942
40943
40944
40946
40948
40949
40950
40951
40960
40961
40962
40964
40967
40969
40974
40975
40980
40981
40986
40989
40990
40992
40993
40994
40995
40996
40997
40999
41002
41003
41004
41006
41007
41011
41012
41013
41014
41016
41019
41020
41021
41022
41025
41026
41033
41037
41039
41042
41043
41045
41046
41047
41049
41050
41054
41058
41062
41070
41071
41072
41073
41074
41075
41086
41087
41091
41108
41109
41111
41112
41119
41122
41128
41130
41131
41137
41140
41143
41146
41150
41151
41158
41169
41177
41178
41187
41190
41191
41192
41194
41199
41202
41204
41205
41208
41209
41210
41211
66807
41214
41215
41216
41217
41222
41223
41228
41233
41235
41236
41237
41238
41239
41240
66813
66812
41245
41247
41248
41250
41251
41252
66815
41258
66817
41265
41266
41267
66818
41269
66819
41275
41276
41277
41278
41279
41280
66820
41282
41284
41286
41293
41299
41310
41313
41319
41321
41325
41326
41327
41328
41329
41330
41331
41332
41333
41334
41335
41337
41338
41339
41340
41342
41345
66834
41348
41352
41356
41357
41359
41366
41369
41372
41375
41378
41382
41384
41385
41392
41394
41396
41397
41398
41400
41404
41405
41411
41417
41422
41425
41438
41441
41444
41446
41450
41454
41465
41467
41472
41473
66860
41478
41483
41486
41494
41497
41499
41501
41506
41521
41560
41561
41566
41567
41568
41569
41570
41571
41572
41574
41577
41578
41580
41583
41603
41604
41606
41612
41615
41616
41622
41632
41635
41639
41640
41642
41644
41645
41647
41650
41651
41655
41656
41658
41659
41682
41683
41684
41685
41689
41692
41694
41699
41700
41702
41712
41716
41717
41721
41725
41729
41733
41734
41735
41736
41751
41754
41760
41772
41777
41780
34356
41790
41792
41796
41799
41801
34360
41813
41814
41822
41824
41825
41828
41829
41831
41833
41836
41838
41848
41849
41850
41851
41866
41876
41888
41891
41893
41894
41895
41901
41912
41913
41915
41918
41919
41937
41938
41941
41942
41943
41944
41945
41946
41948
41950
41951
41954
41957
41958
41961
41962
41963
41969
41970
41972
41975
41976
41978
41981
41982
41984
41985
41986
41992
34398
41999
42024
42031
42045
42048
42054
42055
42066
42069
42072
42076
42077
42082
42107
42108
42109
42110
42111
42112
42113
42114
42115
42124
34425
42130
42131
42133
42135
42136
42142
42143
42144
42145
42148
42149
42150
42156
42170
42177
42178
42179
42180
42181
42182
42184
42185
42186
42188
42189
42190
34437
42194
42197
42198
42199
42202
42203
34440
42207
42208
42211
42215
42216
42217
42221
42224
42227
42229
42230
42234
42235
42236
42237
42238
42239
42241
42242
42246
42248
42253
42261
42263
42264
42265
42271
42273
42274
42275
42276
42277
42278
42279
42281
42282
42286
42292
42294
42296
42297
42298
42316
42320
42321
42324
42328
42332
42343
42357
42372
42373
42374
42375
42376
42382
42383
42387
42389
42390
42393
42394
42396
42397
42398
42400
42405
42406
42415
42416
42422
42430
42432
42434
42438
42439
42446
42463
42466
42471
42473
42488
42495
42498
42499
42501
42503
42504
42507
42517
42520
42522
42527
42530
42537
42545
42551
42554
42555
42558
42572
42574
67078
42576
42577
42582
42611
42615
34524
42631
42633
42634
42636
42638
42639
42641
42645
42646
42647
42658
42659
42662
42670
42671
42672
42673
42674
42675
42679
42680
42685
42686
42688
42691
42692
42693
42694
42695
42696
42697
42701
42707
42709
42717
42719
42723
42727
42729
42731
42732
42734
42736
42737
42738
42739
42746
42747
42751
42753
42756
42762
42765
42769
10002
42771
42774
42776
42782
42783
42784
42785
42786
42790
42791
42794
42795
42803
42805
42806
42808
42813
42814
42815
42823
42827
10059
42829
42830
42831
42835
42838
42839
42842
42844
10080
42849
10082
42848
42850
42851
42855
42857
42869
42873
42874
10108
42878
42879
42880
42881
42883
42884
42886
42888
42892
42893
42894
42895
42897
42899
42903
42904
42909
42910
42926
42959
42961
42962
42963
42964
42965
42967
42970
42971
42972
42973
42974
42978
42980
42983
42989
67161
42993
42997
43007
43008
43010
43016
43017
43040
43045
43051
43059
43060
43062
43065
43066
43069
43072
43080
43081
43082
43088
43149
67194
67196
67198
67200
67204
67210
43317
34661
34662
43370
43451
43500
43501
43531
43580
43620
67301
43710
67316
43784
43822
43862
43885
43902
43954
44031
44108
44118
44166
44208
44213
11448
11449
11450
11457
11462
11475
11503
11509
11512
11516
11518
11519
11520
11527
11529
11533
11546
11547
11551
11553
11554
11555
11556
11557
11558
11559
11564
11570
11577
11578
11579
11580
11581
11583
11591
11592
11597
11598
11599
11600
11601
11602
11610
11623
11624
11627
11628
11638
11639
11652
11662
11664
11688
11701
11710
11720
11734
11735
11736
11742
11759
11764
44535
44536
11773
11794
11795
11796
11797
11805
11815
11818
11819
11823
11824
11826
11828
11831
11832
11833
11834
11838
67482
11840
11841
11842
11844
67483
11846
11847
11848
11849
11855
11859
11860
11861
11862
11863
11864
11865
11866
67487
11868
11874
11880
11884
11887
34927
11892
11904
11905
11906
11911
11923
11924
11925
11927
11928
11930
11931
11943
11947
11948
11949
11950
11951
11952
11953
11954
11955
11962
11965
11971
11978
11990
11991
12000
12005
12014
12019
12020
12022
12023
12024
12025
12026
12028
12031
12042
12043
12045
12046
12047
12048
12049
12050
12051
12052
12053
12054
12070
12074
12090
12094
12095
12100
12111
12112
12113
12117
12118
12122
12126
12127
12128
12129
12130
12137
12140
12154
12160
12166
12169
12179
12180
12182
12183
12193
12211
12216
12217
12223
12224
12225
12226
12227
12229
12239
12240
12241
12243
12244
12253
12254
12259
12260
12263
12271
12277
12278
12279
12281
35006
12285
12294
12300
12307
12312
12313
12314
12315
12317
35015
12334
35016
12343
12344
12346
12347
12349
12353
12354
12355
12357
12358
12359
12361
12372
12388
12389
12392
12396
12399
12404
12414
12415
12419
12420
12423
12424
12425
12428
12429
12430
12431
12432
12433
12435
12436
12437
12439
12440
12445
12450
12455
12457
12461
12462
12463
12464
12476
12480
12485
12491
12492
12493
12498
12499
12505
12507
12514
12524
12527
12529
12534
12535
12539
12544
12546
12549
12551
12552
12554
12555
12558
12559
12560
12561
12564
12565
12568
12571
12572
12582
12600
12602
12603
12605
12608
12610
12611
12612
12613
12615
12617
12621
12625
12636
12641
12645
12647
12648
12651
12653
12671
12672
12674
12676
12679
12680
12681
12682
12684
12685
12689
12695
12696
12698
12699
12700
12709
12710
12711
12720
12721
12723
12732
12734
12737
12738
12740
12742
12747
12751
12752
12758
12766
12769
12770
12771
12778
12792
12795
12797
12805
12807
12811
12813
12824
12825
12851
12861
12863
12865
12875
12884
12887
12892
12893
12904
12906
12907
12910
12912
12914
12916
12921
12926
12927
12931
12932
12934
12938
12939
12943
12946
12948
12949
12956
12957
12959
12963
12965
12966
12968
12972
12974
12976
12977
12979
12980
12982
12989
12991
12992
13005
13008
67716
13021
13023
13026
13029
13033
13034
13035
13041
13048
13051
13054
13056
13060
13062
13063
13064
13068
13083
13101
13102
13103
13104
13105
13106
13107
13110
13113
13120
13122
13124
13126
13130
13137
13139
13140
13141
13146
13147
13161
13166
13168
13172
13176
13183
13186
13191
13201
13203
13204
13220
13224
13232
13246
13251
13252
13253
13254
13268
13269
13270
13272
13276
13279
13283
13284
13285
13288
13290
46070
13309
13310
13315
13322
13324
13325
13326
13327
13328
13329
13330
13337
13339
13340
13343
13344
13346
13347
13348
13349
13350
67782
13352
46122
13362
13363
13365
13367
13369
13370
13371
13373
13374
13379
13380
13381
13383
13384
13387
13388
13390
13392
13396
13398
13399
13400
13401
13402
13403
13404
13405
13408
13409
13410
13414
13417
13418
13419
13420
13422
13424
13427
13430
13433
13437
13444
13446
13447
13449
13451
13452
13453
13456
13461
13463
13465
13466
13469
13470
13471
13472
13478
13481
13486
13489
13490
13491
13494
13496
13497
13498
13499
13502
13508
13517
13518
13519
13520
13523
13524
13532
13533
13534
13535
13542
13545
13546
13547
13555
13562
13576
13577
13582
13583
13585
13587
13589
13591
13595
46370
46371
13604
13605
13606
13608
13610
13611
13612
13613
13614
13619
13623
13624
13626
13635
13637
13670
13671
13672
13674
13675
13678
13681
13683
13685
13686
13687
13688
13690
13694
13695
46465
13699
13721
13722
13723
13727
13733
13735
13741
13742
13745
13749
13750
13751
13757
13759
13760
13765
13766
13768
13773
13779
13780
13784
13795
13798
13799
13804
13823
13829
13835
13836
13839
13841
13854
13855
13856
13857
13859
13862
13870
13872
13881
13892
13894
13895
13896
13897
13898
13900
13904
13906
13907
13908
13909
13912
13914
13929
13931
13932
13934
13936
13941
13944
35337
13967
13981
13982
14006
14013
14014
14016
14017
14020
14024
14026
14034
14037
14042
14043
14045
14046
14050
14058
14059
14063
14075
14078
14079
14080
14082
14083
14084
14085
14086
14089
14093
14094
14103
46872
14108
14111
14114
14115
14119
14121
14127
14128
14129
14130
14131
14132
14133
14135
14136
14138
14140
14143
14147
14153
14154
14160
14172
14180
14181
14182
14186
14190
14192
14194
14195
14200
14210
14218
14226
14227
14229
14230
14237
14242
14244
14245
14246
14247
14248
14250
14251
14252
14258
14259
47027
14260
14264
14266
14268
14270
14288
14290
14300
14303
14322
14324
14326
14327
14330
14332
14338
14343
14344
14345
14349
14350
14351
14353
14355
14361
35423
14385
14386
14389
47177
14416
14428
14431
35433
14435
14442
14447
14454
14455
14456
14457
14458
14459
35438
14465
14469
47241
14475
14476
35442
14478
14480
14485
35445
14494
47268
14505
14511
14512
35449
14523
14524
35452
14529
14530
14533
35453
14534
14539
14540
14543
14544
14545
14546
14547
35455
14549
14550
14553
14559
14560
14565
14568
35460
14570
14572
14574
14578
14587
14591
14593
14595
14597
14601
14605
14606
14607
14614
14616
14618
14622
14623
35471
14642
14648
14651
14652
14653
14659
14660
14665
14669
14670
14679
14680
14681
14684
35483
14687
14704
14709
14711
14718
14725
68057
14734
68058
14740
14744
14746
68061
14763
14764
14767
14768
14769
14772
14773
14774
14775
14783
14786
14789
14790
14802
14804
14807
14809
14817
14828
14831
14832
14833
14836
14837
14839
14849
14855
14871
14872
14878
14879
14881
14882
14897
14899
14900
14902
14904
14909
14911
14912
14915
14919
14926
14927
14928
14930
14940
14945
14955
14956
14957
14958
14959
14961
14962
14965
14968
14969
14983
15012
15013
15014
15015
15027
15029
15031
15032
15049
15050
15051
15052
15055
15058
15063
15064
15068
15069
15072
15073
15074
15075
15077
15079
15080
15082
15083
15086
15087
15089
15096
15101
15102
15103
15105
15106
15111
15112
15113
15116
15118
15124
15130
15137
15138
15139
15140
15144
15145
15164
15167
15168
15169
15173
15175
15176
15178
15181
15183
15186
15188
15194
15211
15212
15217
15220
15224
15225
15226
15230
15231
15232
15234
15235
15238
15239
15241
15242
15244
15246
15247
15248
15251
15253
15255
15275
15276
15280
15287
15289
15293
15295
15297
15298
15299
15301
15316
15317
15327
15345
15347
15349
15356
15357
15363
15364
15367
15394
15397
15398
15407
15411
15413
15415
15416
15419
15420
15422
15423
15425
15428
15431
15432
15433
15434
15440
68198
15443
15444
15445
15446
15447
15449
15450
15452
15453
15456
15464
15466
15480
68208
15493
15496
15497
15500
15507
15508
15510
15511
15512
15513
15514
15515
15516
15517
15519
35650
15532
15539
68220
68221
15564
15565
15569
15573
15574
15577
15580
15604
15607
15613
15616
15618
15620
15623
15628
15629
15630
15647
15649
15651
15656
15657
15659
15660
15661
15664
15665
15672
15676
15679
15680
15682
15683
15685
15688
35683
15700
15702
15705
15709
15728
15729
15731
15742
15743
15744
15745
15751
15753
15756
15757
15758
15762
15763
15767
15773
15776
15777
15779
15781
15782
15783
15789
15792
15796
15798
15799
15803
15804
15805
15807
15808
15811
15813
15814
35710
15834
15835
15841
15861
15862
15863
15866
15868
35719
15874
15882
15894
15910
15911
15921
35730
15931
15932
15939
15940
15941
15943
15945
15949
15952
15955
15966
15968
15970
15971
15972
15973
15974
15975
15985
15990
15993
15996
15999
16002
16008
16009
16015
16016
16017
16022
16023
16026
16027
16031
16032
16033
16036
16038
16040
16041
16043
16045
16046
16052
16054
16056
16059
16060
16061
16062
16064
16065
16067
16068
16074
16076
16077
16079
16080
16081
16082
16083
16098
16105
16106
16108
16115
16122
16123
16124
16125
16126
16127
16128
16129
16130
16131
16132
16134
16135
16137
16138
16141
16142
16143
16144
16145
16146
16147
16148
16150
16155
16157
16159
16160
16161
16162
16163
16164
16165
16167
16169
16176
16182
16183
16184
16187
16188
16193
16194
16195
16201
16218
16222
16223
16225
16233
16239
16250
16251
16252
16253
16255
16257
16264
16281
16282
16283
16287
16290
16292
16294
16295
16297
16298
16299
16302
16303
16305
16308
16312
16315
16316
16318
16319
16322
16323
16324
16325
16326
16327
16329
16330
16333
16334
16338
16340
16341
16344
16345
16346
16348
16349
16357
16358
16360
16362
16363
16368
16378
16380
16381
16382
16388
16389
16390
16395
16397
16410
16412
16413
16414
16421
16422
16423
16425
16426
16427
16428
16429
16431
16433
16438
16439
16441
16443
16444
16445
16450
16451
16452
16460
16462
16473
16487
16489
16490
16491
16493
16495
16498
16502
16503
16504
16506
16508
16537
16538
16540
16547
16548
16549
16551
16552
16566
16569
16573
16585
16586
16589
16591
16598
16600
16601
16613
16615
16618
16619
16620
16622
16623
16625
16626
16627
16628
16629
16630
16631
16642
16648
16650
16657
16660
16661
16662
16664
16666
16667
16668
16669
16670
16677
16693
16694
16706
16710
16713
16716
16718
16732
16736
16740
16742
16744
16746
16748
16750
16751
16753
16754
16756
16759
68461
16771
16772
16776
16777
16779
16783
16788
16791
16794
16796
16808
16816
16817
16859
16864
16868
16878
16879
16883
16884
16886
16888
16891
16892
16898
68488
16902
16903
16906
16915
16916
16930
16931
16933
16936
16937
16938
16939
16943
16947
16952
16974
16977
16993
16996
17007
17009
17010
17018
17021
17023
17024
17025
17026
17027
17030
17031
17033
17034
17037
17038
17042
17044
17045
17046
17047
17053
17055
17056
17057
17059
17060
17062
17065
17066
17069
17077
17079
17080
17087
17088
17090
17096
17097
17100
17109
17110
17111
17112
17113
17114
17116
17117
17119
17120
17121
17123
17125
17132
17135
17136
17137
17138
17139
17142
17146
17152
17160
17163
17175
17176
17184
17186
17189
17197
17200
17211
17213
17216
17218
68551
17221
17223
17224
17233
17234
17235
17238
17244
17246
17247
17251
17254
17255
17256
17258
17264
17265
17271
17273
17275
17277
17279
17281
17283
17284
17285
17287
17290
17291
17295
17301
17304
17305
17310
17311
17312
17313
17314
17332
17336
17343
17349
17351
17352
17353
17355
17358
17364
17367
17369
17373
17382
17383
17384
17387
17390
17401
17404
17417
17419
17424
17448
17449
17452
17453
17454
17455
17456
17457
17458
17460
17464
17467
17469
17470
17473
17480
17481
17482
17483
17484
17485
17486
17489
17491
17492
17494
17496
17497
17504
17511
17512
17513
17514
17515
17516
17517
17518
17519
17522
17528
17529
17530
17541
17547
17548
17549
17554
17556
17562
36055
17566
17569
17580
17581
17582
17584
17585
17586
17587
17588
17589
17592
17594
17596
17597
17598
17599
17601
17603
17614
17615
17617
17618
17621
17622
17623
17625
17626
17627
17628
17629
17630
17633
17637
17641
17642
17646
17665
17669
17672
17675
17677
17678
17679
17680
17681
17684
17685
17687
17688
17689
17695
17696
17697
17700
17707
17708
17710
17715
17721
17726
17729
17731
17736
17741
17742
17744
17745
17747
17748
17749
17750
17751
17759
17761
17762
17763
17778
17781
17783
17786
17787
17810
17811
17813
17814
17815
17817
17822
17825
17827
17830
17835
17836
17837
17839
17846
17847
17849
17851
17853
17857
17862
17863
17868
50637
17870
68681
17873
17876
17878
17883
17885
17895
17899
17905
17906
17912
17915
17917
17920
17925
17931
17936
17938
17940
17946
17947
17951
17957
17959
68699
17987
17988
17989
17991
17996
50764
17998
18000
18001
18002
18004
18006
18007
18008
18010
18014
18015
18017
18020
68712
18035
18037
18056
18058
18060
18090
18097
18100
18103
18106
18107
18110
18111
18112
18114
18117
18120
18121
18122
18130
18133
18141
18142
18143
18144
18145
18151
18156
18157
18159
18161
18164
50937
18171
18176
18178
18179
18180
18181
18183
18187
18189
18190
18193
18194
18198
18200
18201
50970
18220
18223
18230
18233
18235
18237
18238
18239
18241
18244
18245
18250
18265
18272
18273
18274
18277
18282
18283
18286
18287
18289
18292
18316
18318
18326
36207
18340
18341
18344
18345
18346
18347
36212
18371
18372
18382
18386
18387
18396
18397
18398
18402
18404
18405
18408
18419
18420
18428
18430
18432
18433
18434
18436
18453
18464
18473
18475
18476
18479
18502
18505
18514
18515
18518
18520
18521
18522
51292
18526
18528
51296
18534
18538
18539
18544
18546
18547
18550
18552
18558
18564
18568
18579
18580
18581
18584
18586
18587
18588
18589
18590
18606
18611
18620
18627
18646
18647
18648
18650
51418
18653
18654
18663
18664
18668
18669
18676
18678
18680
18686
18687
18688
18689
18690
18693
18699
18701
18703
18717
18721
18722
18723
18725
18728
18729
18730
18731
18734
18735
18738
18740
18742
18743
18744
18747
18748
18749
18753
18758
18759
18760
18761
18765
18766
18768
18776
18779
18789
18791
18792
18794
18798
18800
18803
18807
18808
18810
51582
18822
18823
18825
51598
18838
18842
18844
18845
18849
18850
18854
18855
18857
18858
18862
18863
18870
18873
18874
18875
18878
18880
18882
18883
18887
18890
18891
18898
18899
18902
18905
18908
51678
18925
18930
18933
18934
18938
18941
18942
18950
18953
18954
36333
18962
18969
18970
18973
18976
18977
18981
18983
18984
18988
18989
18992
18993
19001
19002
19008
19011
19013
19014
19015
19017
19018
19019
51788
19022
19023
19024
19027
19030
51801
19036
19041
19047
36351
19054
19064
19065
19069
19074
19077
19078
19079
19080
19081
19082
19083
19088
19089
19092
19094
19095
19096
19099
19101
19103
19104
19105
19128
19136
19138
19139
19140
19150
19151
19152
19154
19155
19156
19157
19158
19159
19160
19161
19162
19163
19165
19168
51953
19186
19187
19196
19227
19231
19244
19246
19254
19256
19263
19267
19268
19274
19275
19279
19282
19288
19289
19291
19292
19294
19295
19297
19298
19299
19300
19303
19306
19308
19311
19312
19314
19316
19318
19319
19320
19324
19325
19328
19337
19338
19339
19342
36409
19345
19347
19349
19350
19354
19357
19359
19362
19374
19379
19383
19384
19387
19388
19396
19399
19421
19424
19426
19429
19433
19435
19436
19438
19439
19440
19441
19446
19447
19448
19449
19454
19457
19458
19459
19460
19468
19469
19472
19490
19494
19501
19506
19507
19509
19514
19516
19517
19520
19522
19523
19526
19529
19532
19538
19544
19545
19550
19553
19554
19560
19561
19562
19563
19564
19565
19566
19567
19568
19578
19586
19587
19588
19589
19590
19592
19594
19595
19596
19597
19598
19610
19611
19613
19615
19619
19624
19632
19633
19634
19640
19643
19659
19667
19669
19671
19672
19674
19675
19687
19698
19701
19703
19707
19710
19714
19715
19718
19719
19726
19727
19741
19748
19750
19751
19757
19758
19760
19767
19768
19771
19772
19774
19786
19787
19790
19794
19795
19798
19800
19801
19809
19813
19816
19822
19823
19824
19825
19829
19830
19831
19836
19840
19844
19846
19851
19852
19857
19858
19860
19865
19866
19867
19868
19874
19882
19906
19908
19931
19935
52707
19946
19964
19968
19974
69099
19976
19977
19975
19978
19983
19985
19986
19989
19990
20004
20007
20009
20011
20012
20015
20017
20020
20022
20023
20025
20026
20027
20029
20031
20034
20035
20036
20037
20038
20039
20040
20043
20044
20045
20046
20048
20049
20052
20054
20055
20056
20059
69116
20065
20074
20075
20078
69120
20086
20087
20089
20091
20093
20097
20099
20102
20103
20107
20108
20115
20130
20131
20132
20133
20137
20138
20141
20150
20151
20155
20156
20164
20170
20178
20179
20183
20186
20192
20193
52961
20194
20196
20198
20213
20214
20226
20228
20231
20232
20234
20237
20238
20241
20242
20253
20256
20269
20284
20291
20296
20297
20300
20301
20303
20304
20305
20308
20311
20317
20340
20353
20355
20356
20357
20364
20369
20370
20380
20384
20387
20398
20400
20406
20407
53175
53176
20410
20411
53174
20414
20415
20417
53187
20425
20428
20431
53211
20443
53219
20451
20456
20457
20458
20465
20466
20467
20468
20469
20470
20473
20474
20475
20478
53255
20487
20490
20495
20496
20499
20505
20506
20507
20508
20509
20510
20512
20514
20517
20521
20522
20524
20525
20526
20527
20537
20539
20540
20543
20545
20548
20549
20550
20553
20554
20555
20557
20558
69215
20560
20579
20584
20585
20589
20591
20594
20596
20600
20604
20607
20608
20611
20613
20614
20616
20618
20620
20621
20622
20623
20626
20627
20634
20635
20636
20640
20649
20654
20660
20661
20663
20670
20673
20679
20681
20705
20707
20709
20713
20715
20716
20717
20727
20729
20732
20735
20738
20741
20742
20743
20745
20746
20747
36688
20750
20755
20760
20764
20765
20766
20767
20768
20769
20770
20771
20772
20773
20776
20777
20783
20785
36697
20797
20800
20802
20803
20810
20815
20826
20830
20831
20832
20833
20834
20835
20836
20837
20838
20839
20840
20841
20842
20845
20853
20854
20860
20867
20884
20889
20894
20895
20900
20902
20905
20906
20908
20910
20911
20925
20926
20929
20933
20935
20941
20946
20948
20949
20950
20953
20954
20960
20964
20965
20966
20968
20969
20970
53740
20975
20978
20979
20980
20981
20982
20983
20984
20985
20987
20988
20991
20992
21009
21016
21018
21019
69307
21021
21024
21028
21029
21030
21034
21040
21041
21045
21046
53814
53816
21049
21050
21051
21052
21053
21056
21059
21070
21071
21072
21082
21088
21093
21096
21097
21100
21102
21103
21117
21125
21126
21134
21153
21166
21171
21222
21229
21230
21243
21252
21256
21266
21267
21268
21272
21274
21275
21276
21278
21285
21287
21289
21292
21293
21294
21295
21296
21297
21298
21300
21301
21303
21304
21305
21308
21314
21317
21318
21319
69366
21320
21323
21324
21328
21336
21337
21338
21342
21344
21346
21348
21350
54120
21353
21352
21355
21357
21370
21376
21378
21385
21389
21390
21394
21400
21406
21412
21413
21414
21415
21417
21419
21432
21436
21437
21441
21443
21445
21447
21454
21456
54225
21458
54227
21460
54226
21464
21466
54234
21469
21470
21471
21473
21474
21475
21476
21477
21478
21480
21481
21491
21496
21497
21502
21503
21504
21505
21507
21508
21512
21516
21517
21518
21523
21529
21533
21537
21542
21548
21550
21552
21554
21555
21557
21562
21563
21569
21574
21580
21581
21584
21586
21589
21590
21592
21593
21594
21595
69421
21604
21605
21606
21607
21608
21610
21611
21616
21619
54389
21622
21626
21633
21636
21638
21641
21649
21654
21655
21658
21662
21664
21667
21668
21673
21675
21679
21681
21682
21683
21684
21685
21686
69439
21688
21689
21692
21695
21696
21697
21709
21710
21711
21712
21713
69444
21715
21716
21717
21718
21728
21729
21731
21733
21734
21739
21743
21744
21745
21746
21748
21751
21752
21759
21765
21766
21767
21768
21775
21776
21778
21779
21780
21806
21808
21812
21813
21815
21818
21827
21829
21830
21831
21832
69468
21837
21839
36905
21841
21842
21843
21844
21845
21840
21847
21851
21855
21856
21857
21858
21860
21862
21866
21867
21868
21869
21870
21872
21873
21876
21881
21884
21887
21888
21899
21904
21906
21918
21921
21922
21924
21925
21927
21933
21941
21948
36927
21950
21952
21959
21960
21962
21963
21964
21965
21969
21970
21972
21973
21975
21976
21977
21980
21981
21983
21984
21988
22002
22006
22012
22020
22032
22033
22034
36946
22049
22059
22061
22063
22065
22068
22069
22071
22072
22073
22075
22078
22079
22080
22087
22089
22099
22100
22106
22109
22110
22111
22112
22115
22117
22119
22120
22135
22145
22147
22155
22162
22163
22165
22170
22171
22172
22188
22189
22195
22203
22204
22205
22212
54982
22218
22220
22221
22222
22224
22228
22233
22238
69549
22239
69550
22250
22252
22258
22263
22269
22271
22272
69556
22274
22276
22284
22285
22291
22293
22295
22300
55069
22304
22306
22307
69563
22312
22313
22314
22316
22317
22318
22319
22324
22327
22328
22329
22333
22336
22339
22342
22344
22345
22347
22352
22354
22356
22357
22364
22365
22368
22370
22371
22372
22378
22379
22383
22388
22391
22394
22395
22400
22402
22403
22404
22405
22406
22407
22408
22415
22417
22418
22419
22421
22422
22423
22424
22425
22426
22427
22432
22441
22449
22450
22452
22453
22455
22458
22462
22465
22473
22475
22477
22479
22483
22488
22495
22496
22497
69600
22501
22502
22503
22505
69602
22507
22513
22514
22520
22521
22522
22532
22533
22535
22550
22553
22554
22555
55332
22571
22574
22584
22591
22599
22602
22605
22607
22608
22615
22616
22618
22621
22622
22624
22629
22630
22632
22634
22638
22639
22640
22642
22643
22644
22647
22648
22650
22654
22656
22658
22662
22663
22664
22670
22677
37072
22692
22693
22694
22695
22696
22697
22698
22699
22700
22701
22702
37076
22706
22713
22719
22731
22738
22745
22747
22749
22750
22753
22754
37087
22760
22767
22770
22771
22777
22779
22780
22782
22790
22792
22793
22796
22798
22799
22800
22802
22804
22805
22807
22808
22811
22815
22817
22823
22830
22838
22841
22843
22853
22861
69673
22864
22865
37109
22870
37110
55643
22877
22880
22885
22890
37114
22893
22907
22908
22912
69683
22915
22920
22923
22933
22934
22936
22937
22939
22940
22944
22945
22950
69691
22967
22980
22985
22986
22987
22988
22991
22992
23002
23003
23004
23007
23008
23010
23013
23015
23017
23018
23021
23024
23027
23028
37142
23033
23040
23044
23045
23047
23049
23051
23052
23055
23058
23064
69713
23066
23068
23069
23072
23073
23074
23075
23076
37151
69716
23080
23081
23082
23087
23088
23089
23090
23102
23103
23105
23106
23107
23110
23111
23115
23116
23118
23124
23126
23135
23136
23144
23149
23158
23161
23162
23166
23186
23187
23193
23201
23203
23206
37177
23208
23213
23221
23222
23226
23228
23235
23239
69749
69752
56032
23295
23307
23313
23314
23316
23317
23319
23320
23324
23330
23331
23332
23333
23334
23342
23344
23350
23351
23352
23353
23359
23362
23367
69775
23390
23392
23394
23410
23411
23413
23422
23433
23436
23437
23438
23439
23440
23441
23445
23449
23452
23454
23455
23456
23458
23459
23461
23462
23463
23464
23465
23466
23467
23468
23470
23471
23472
23473
23474
23475
23476
23477
23479
23480
23481
23482
23483
23484
23486
23487
23489
23493
23500
23501
23504
23514
23515
23516
23518
23522
23530
69808
23549
23551
23567
23569
23573
23576
23579
23581
23586
23590
23595
23599
23602
23604
23606
23609
23611
23612
23613
23619
23622
23623
23625
23626
23627
23628
23631
23633
23634
23636
23637
23644
23645
23648
23650
23656
23660
23662
23663
23666
23667
23670
23671
23674
23675
23681
23688
23689
23692
69839
23701
23702
23706
23709
23718
23720
23721
23722
23730
69846
23736
23741
23743
23744
23763
23764
23772
23774
23778
23783
69856
69857
23792
23795
23799
23801
23802
23803
23807
23808
23819
23823
23824
23826
23828
23829
23834
23835
69866
23837
23838
23843
23844
23845
23846
23848
23849
23851
23864
23871
23874
23875
23877
23879
23882
23890
56661
23893
23895
69878
23904
69880
23908
23913
23914
69883
37320
23933
23940
23941
23944
23952
23953
23956
23959
23960
23962
23963
69892
23966
23968
23971
23980
23993
23997
24003
24012
24016
24017
24020
69904
24044
69908
24047
24048
24049
24050
24051
24054
24055
24062
24063
24066
24070
24082
24085
24088
69917
24094
24098
24110
24112
24114
24116
24118
24122
24123
69925
24138
24144
24148
24149
24152
24153
24155
24160
24184
24185
24189
24193
24195
24200
24214
24218
24232
24234
24235
24236
24243
24245
24248
24249
24252
24253
24255
24262
24264
24269
24271
24277
24282
24284
24289
24290
24291
24292
24293
24294
24295
24296
24297
24298
24299
24302
24303
24307
24309
24312
24313
24315
24316
24317
24319
24320
24321
24324
24325
24326
24329
24330
24332
24333
24336
24338
24340
24348
24353
24355
24357
24358
24366
24371
24382
24389
24390
24391
24393
24400
24405
24406
24412
24414
24415
24426
24427
24429
24430
24432
24437
24443
24455
24459
24469
24470
24474
24475
24476
24477
24478
24479
24480
24482
24483
24485
24487
24490
24496
24497
24503
24511
24513
24515
24523
24537
24540
70008
24551
70009
24554
70011
24566
24568
24570
70013
24576
24577
24578
24579
24580
24581
24582
24584
24590
24595
24597
24600
24601
24608
24611
24612
24614
24616
24617
24618
24620
24622
24623
24624
24625
24629
24631
24633
24636
24639
24641
24644
24647
24648
24649
24650
24651
24652
24658
24667
24684
24685
24686
24687
24690
24691
24694
24697
24699
37474
24708
24709
24710
24712
24713
24721
24723
24724
24731
24738
24744
24745
24746
24747
24748
24749
24750
24763
24768
24772
24776
70054
24784
24788
24795
24796
24805
24807
24813
24814
24815
24825
24829
24833
24842
24843
24845
24849
24850
24853
24857
24862
24864
24867
24868
24870
24871
24882
24883
24888
24889
70076
24891
24897
24899
24900
24910
24911
24912
24913
24914
24915
24924
24932
24935
70085
24937
24939
24942
24950
24951
24952
24953
24954
24955
24956
24959
24963
24964
24965
70091
24972
24973
24974
24975
70093
24980
24981
24982
24987
70096
24996
24999
25003
25004
25005
70099
25006
70100
25012
25015
25016
25018
25020
25021
25023
25024
25025
25027
25028
25029
25036
70105
25042
25044
25049
25055
25056
25057
25059
25060
25061
25064
70111
25067
25069
25072
25074
25082
25083
25084
25085
25086
25093
25096
70117
25100
25101
25103
25104
25105
25112
25116
25117
25118
25121
25123
25124
25125
70123
25128
25131
70124
25134
25136
25137
25138
25139
25143
25147
70127
25149
25151
25153
25156
25162
25174
25175
25176
25177
25178
70133
25180
25183
25184
25185
25187
25188
25189
25190
25191
25193
25194
70137
25200
25203
25206
25209
25210
25211
25214
25216
25218
25229
25234
25237
25238
25239
25255
25256
25258
25259
25260
25261
25262
25263
25265
25266
25267
25269
25272
25274
25277
25282
25286
25287
25296
25297
25302
25305
25308
25316
25328
25329
25337
25338
25341
25345
25346
25350
25354
25357
25358
25359
25360
25361
25363
25364
25366
25370
25371
25372
25374
25375
25377
25378
25381
25383
25384
25386
25388
25392
25393
25396
25399
25403
25408
25409
25410
25411
25412
25414
25415
25417
25418
25428
25429
25431
25432
25437
25440
25442
25448
25449
25451
37623
25453
25454
25455
37624
25457
25458
25462
25463
25470
25471
70192
25476
25478
70193
25480
25482
25487
25493
25495
25497
25502
25503
25505
25506
25507
25508
25509
25510
25513
25514
25516
25517
25518
25521
25522
25523
25524
25525
25526
37638
25532
25533
25534
25540
25541
25543
25544
25545
25550
25554
25557
25558
25561
25576
25578
25584
25585
25586
25592
25596
25598
25600
25610
25614
25620
25621
70221
25624
25625
25630
25633
25637
25640
25642
25643
25645
70226
25654
25655
25658
25665
25670
25671
25672
70231
25674
70232
25677
25678
70233
25682
70234
70235
70236
25697
25699
25700
70237
25702
25703
25704
25705
25706
25711
25713
25716
25717
25718
25719
25721
25722
25723
25725
25727
25729
25730
25739
25740
25742
25749
25758
25762
25769
25771
25777
25779
25780
25781
25782
70253
25784
25787
25788
25789
25792
25795
25796
25797
25799
25801
25802
25803
25805
25809
25818
37696
25820
25827
25828
25829
25830
25834
25835
25838
25839
25840
25841
70265
25843
37701
25851
25862
25863
25866
25872
25878
25881
25884
25895
25901
25902
25903
25904
25908
25927
25934
70284
25939
25942
25947
25952
25953
25954
25956
25957
25960
25965
25967
25970
25971
25972
25973
25982
25985
25986
25987
25988
25989
25990
25991
25993
25994
25995
25996
25997
25998
25999
26001
26003
26004
26006
26007
26008
26009
26011
26013
26014
26021
26025
26030
26032
26033
26037
26043
26049
26052
26060
26061
26062
26064
26069
26071
26072
26075
26077
26078
26079
26081
26083
26084
26087
26090
26092
26094
26095
26097
26108
26109
26111
26119
26120
26121
26122
26123
26125
26126
26129
26130
26131
26132
26133
26134
26139
26140
26141
26143
26145
26146
26151
26152
26153
26154
26173
26174
26175
26180
26183
26184
26185
26186
26187
26189
26190
26191
26192
26194
26195
26198
26199
26202
26203
70337
26211
70339
70340
70341
26231
26236
26237
26238
26241
26243
26245
26246
26247
26253
26256
26264
26267
26268
26271
26274
70351
26276
70352
70353
26294
26295
26298
26302
26303
26308
26313
26317
26318
26319
26325
26328
26340
26347
26350
26356
26362
26363
26365
26366
26371
26375
26381
26395
26402
26403
26407
26414
26416
26421
26425
26426
26427
26436
26438
26439
26442
26445
70385
26448
70386
26451
26455
26456
26457
26460
26463
26473
26484
26485
70395
70396
26501
26502
26503
70397
26506
70398
26512
26513
70399
26518
26521
26522
26523
26525
26528
26529
26530
26531
26535
26536
26537
26538
26539
26540
70404
26542
26541
26544
70405
26547
26563
26567
26569
26570
26571
70410
26574
26579
26582
26583
26584
26588
26590
70414
26591
26596
26599
26600
26601
26602
70419
26617
26619
26620
26624
26628
26638
26643
26646
70425
26649
26650
70426
26657
26660
26662
26663
26671
26675
26677
26678
26679
26683
26684
26686
26687
26689
26690
26694
26695
26698
26702
26704
26705
26709
26712
26713
26714
26715
26717
26718
26719
26720
26721
26722
26726
26728
26730
26731
26733
26735
26736
26741
26742
26743
26744
26746
26757
26768
26771
26774
26778
26779
26780
26781
26784
26795
26798
26803
26806
26811
70460
26823
26824
26827
70461
26835
26836
26837
26838
26839
26840
26841
26842
26843
26844
26846
26851
26853
26856
26859
70468
26866
26868
26869
26870
26871
26872
26873
26875
26877
26878
26879
26880
26881
26882
26883
70471
26885
26886
70472
26888
59650
26890
70474
26896
26898
70475
26901
26902
70476
26905
26906
70478
26917
70479
26923
70480
26931
26932
26935
26937
26938
26939
26941
26944
26945
26948
26961
26963
26967
26973
26974
26976
70491
26979
26980
26981
26983
26991
26996
26997
27003
27013
27014
27016
27017
27019
27020
27023
27024
27025
27026
27028
27029
27030
27032
27033
27034
27035
27036
27037
27039
27050
27052
27055
27061
27065
27066
27067
27068
27069
27071
27073
27077
27080
27081
27082
27083
27084
27086
27089
27091
27094
27110
27111
27115
27118
27120
27122
27125
27129
27130
27131
27133
27134
27136
27139
27142
27143
27145
27148
27149
27159
27162
27165
27166
27167
27170
27174
27175
27176
27180
27183
27186
27187
27190
27191
27195
27196
27198
27199
27202
27203
27204
27205
27206
27208
27209
27210
27211
27212
27213
27214
27215
27220
27230
27237
27251
27260
27261
27263
27264
27266
27267
27272
27273
27275
27276
27277
27279
27280
27284
27295
27297
27299
27301
27303
27305
27309
27320
27322
27326
27327
27331
27334
27336
27339
27340
27343
27345
27347
27352
27360
27370
27373
27374
27375
27376
27379
27381
27385
27386
27388
27389
27390
27392
27397
27398
60169
27401
27403
27405
27407
27409
27411
27412
27417
27423
27424
27427
27428
27434
27437
27443
27447
27449
27450
27453
27459
27462
27463
27465
27467
27468
27469
27470
27471
27472
27474
27478
27480
27484
27486
27491
60261
27496
27503
27504
27505
27519
27524
27526
27532
27535
27538
27539
27540
27543
27548
27560
27561
27567
27568
27569
27570
27575
27585
27602
27611
27612
27623
27631
27654
27656
27657
27664
27677
27678
27679
27681
27686
27689
27693
27694
27695
27697
27699
27701
27703
27706
27727
27728
27736
27738
27746
27754
27756
27759
27763
27765
27771
27773
27778
27779
27788
27789
27790
27791
27793
27794
27796
27805
27806
27807
27810
27822
27823
27824
27825
27829
27830
27835
27839
27840
27841
27847
27849
27855
27856
27864
27866
27867
27870
27879
27880
27882
27890
27895
27904
27910
27926
27927
27932
27944
27948
27949
27950
27951
27952
27953
27955
27962
27965
27973
27974
27978
27979
27981
27982
27983
27984
27985
27987
27988
27989
27991
27992
27994
27996
27998
28005
28006
28007
28011
28013
60782
60783
28020
60799
28034
28035
28037
28040
28041
28042
28044
28053
28054
28055
60826
28058
28061
28064
28066
28067
28069
28071
28076
28082
28085
28090
28094
28097
28099
28107
28108
60879
28115
28118
28129
28151
28152
28158
28160
28161
28168
28170
28171
28175
60944
60945
28193
28202
28204
28208
28224
28225
28226
28228
28233
28240
28247
28249
28255
28257
28259
28262
28268
28270
28271
28273
28274
28279
28284
28294
28300
28303
28309
28310
28315
28316
28318
28324
28326
28327
28328
28333
28339
28341
28346
28357
28360
28363
28364
28366
28367
28368
28370
28371
28374
28379
28380
28386
28394
28395
28396
28406
28413
28418
28425
28429
28434
28450
28452
28463
28468
28469
28479
28487
28507
28508
28517
28519
28522
28523
28524
28525
28526
28527
28528
28529
28530
28531
28532
28536
28539
28540
28547
28548
28555
28559
28560
28568
28569
28574
28575
28577
28578
28580
28582
28588
28589
28591
28598
28609
28615
28616
28621
28626
28628
28631
28635
28640
28644
28646
28647
28652
28667
28674
28677
28683
28689
28693
28694
28701
28711
28725
28728
28729
28731
28732
28733
28734
28735
28736
28739
28740
28742
28746
28749
28753
28756
28758
28762
28764
28765
28766
28768
28772
28773
28775
28777
28780
28785
28796
28799
28801
28803
28807
28808
28809
28810
28811
28812
28813
28815
28818
28819
28820
28822
28823
28825
28826
28827
28828
28829
28831
28833
28842
28849
28850
28851
28852
28853
28854
28856
28862
28865
28872
28874
28876
28877
28878
28880
28881
28882
28885
28886
28887
28888
28890
28902
28906
28910
28911
28913
28915
28917
28918
28921
28923
28926
28928
28929
28931
28932
28933
28936
28941
28943
28944
28947
28949
28950
28953
28955
28956
28958
28959
28960
28961
28962
28963
28969
28973
28977
28978
28986
28987
28988
28992
28996
28997
28999
29001
29002
29005
29008
29011
29013
29014
29015
29016
29017
29018
29019
29022
29025
29032
29035
29039
29044
29046
29053
29054
29061
29069
29073
29075
29076
29078
29082
29084
29088
29090
29092
29093
29094
29100
29101
29102
29103
29107
29112
29121
29137
29141
29142
29147
29148
29149
29151
29152
29153
29155
29156
29157
29164
29173
29174
29175
29185
29209
29218
29219
29223
61995
29232
29233
29238
29242
29245
29249
29250
29255
29257
29263
29265
29267
29273
29274
29275
29278
29281
29282
29286
29288
29293
29294
29302
29303
29306
29309
29311
29312
29314
29316
29317
29320
29324
29325
29326
29328
29329
29331
29337
29338
29344
29349
29363
29365
29369
29371
29375
29376
29378
29382
29388
29391
29398
29399
29400
62168
62167
29401
29404
29419
29420
29424
29427
29433
62207
29439
29442
29443
29445
29446
29447
29448
29454
29459
29460
29471
29472
29476
29477
29479
29480
29482
62253
29493
29498
29502
29503
29508
29512
29518
29527
29534
29536
29538
29542
29543
29552
29557
29562
29564
29567
62339
29576
29577
29585
29599
29602
29603
29605
29606
29608
29609
29610
29614
29616
29617
29619
29620
29624
29625
29630
29631
62400
29633
29634
29638
29639
29644
29647
29650
29651
29653
29656
29658
29661
29664
29667
29668
29673
29674
29683
62460
29692
29695
29699
29700
29701
29703
29705
29706
29708
29709
29710
29718
29719
29720
29721
29726
29727
29728
29729
29731
29733
29735
29736
29742
29743
29744
29745
29747
29748
29756
29759
29760
29761
29764
29765
29772
29773
29775
29783
29786
29787
29793
29798
29799
29800
29805
29808
29809
29812
29814
29823
29837
29840
29842
62613
29850
29852
29853
29859
29861
29880
29883
29884
29886
29888
29889
29890
29891
29893
29896
29897
29900
29906
29909
29913
29923
29926
29929
29930
29931
29932
29934
29935
29936
29940
29943
29945
29947
29948
29949
29951
29956
29958
29961
29962
29964
29965
29967
29969
29970
29972
29973
29976
29980
29985
29991
29993
29995
29996
29997
29998
29999
30008
30023
30027
30030
30042
30046
30057
30065
30093
30095
30097
30099
30100
30101
30108
30112
30113
30119
30123
30124
30126
30127
30128
30129
30130
30132
30135
30141
30143
30144
30145
30146
30159
30160
30165
30177
30178
30180
30181
30182
30186
30188
30189
30192
30194
30198
30202
30203
30207
30208
30210
30217
30218
30220
30221
30224
30227
30230
30232
30233
30234
30238
30240
30243
63019
30251
30256
30261
30262
30264
30265
30267
30275
30279
30281
30282
30284
30288
30290
30293
30296
30297
30299
30300
30305
30308
30310
30311
30313
30315
30324
30326
30336
30338
30340
30344
30347
30348
30349
30350
30352
30354
30357
30359
30366
30367
30368
30369
30371
30373
30377
30378
30380
30381
30383
30395
30401
30414
30419
30421
30422
30424
30427
30432
30439
30442
30443
30444
30447
30458
30462
30473
30476
30477
30481
30482
30491
30493
30495
30497
30498
30500
30505
63276
30513
30514
30515
30517
30522
30524
30527
30529
30534
30538
30539
63309
63313
30549
30555
30556
30569
30570
30572
30578
30579
30580
30581
30582
30583
63353
63355
30588
30598
30601
30604
30605
30606
30607
30608
30609
30612
30613
30617
30624
30626
30628
30632
30641
30648
30651
30652
30658
30659
30661
30662
30663
30664
63438
30671
30672
30673
30674
63443
63440
30681
30688
30689
30690
30691
30693
30694
30695
30698
30699
30702
30708
30709
30715
30729
30730
30733
30735
30738
30739
30740
30745
30746
30759
30766
30776
30778
30779
30781
30787
30792
30794
63566
30800
30803
30804
30806
30808
30816
30817
30822
30835
63604
30837
30836
30841
30845
30855
30858
30861
30871
30873
30880
30882
30883
30885
30886
30889
30891
30893
30894
30895
30901
30902
30905
30906
30910
30912
30918
30920
30921
30923
30928
30932
30937
30944
30948
30958
30961
30969
30970
30971
30973
30976
30981
30994
30997
30998
31017
31018
31019
31020
31023
31028
31031
31032
31039
31040
31043
31045
31046
31047
31048
31051
31057
31067
31068
31071
31075
31080
31081
31086
31087
31094
31099
31102
31115
31117
31118
31119
31135
31136
31138
31140
31145
31165
31167
31168
31170
31173
31174
31176
31178
31181
31186
31192
31193
31196
31203
31219
31224
31227
31228
31229
31230
31232
31233
31237
31248
31251
31252
31255
31265
31270
31273
31279
31280
31283
31289
31290
31291
31292
31294
31298
31299
31300
31306
31309
31311
31313
31318
31324
31328
31329
31332
31334
31335
31338
31339
31342
31346
31352
31353
31363
31364
31371
31376
31378
31379
31380
31381
31382
31383
31384
31385
31389
31394
31395
31400
31402
31410
31411
31412
31415
31420
31423
31427
31428
31433
31434
31435
31436
31437
31438
31439
31447
31451
31453
31454
31455
31457
31458
31461
31465
31466
31467
31468
31469
31470
31480
31482
31489
31491
31493
31495
31497
31499
31501
31505
31508
31513
31516
31518
31524
31531
31532
31534
31535
31538
31539
31540
31541
31543
31546
31550
31558
31559
31560
31561
31562
31563
31564
31565
31567
31568
31569
31571
31578
31580
31582
31584
31586
31587
31589
31590
31591
31592
31593
31594
31595
31599
31600
31603
31604
31605
31607
31609
31613
31616
31618
31619
31621
31622
31625
31626
31627
31654
31655
31657
31658
31665
31667
31668
31669
31670
31673
31677
31680
31683
31685
31695
31697
31708
31709
31712
31715
31722
31731
31734
31736
31737
31744
31745
31746
31750
31753
31757
31759
31760
31769
31770
31771
31778
31781
31783
31787
31788
31793
31810
31813
31814
31815
31819
31820
31821
64588
31828
31829
31835
31836
31837
31839
31840
31841
31842
31846
31849
31850
31852
31855
31858
31859
31863
31864
31866
31868
31870
31874
31875
31876
31878
31883
31888
31890
31891
31893
31894
31895
31896
31902
31923
31924
31928
31929
31930
31931
31932
31936
31939
31943
31944
31946
31947
31950
31953
31956
31958
31959
31961
31962
31967
31969
31970
31971
31973
31975
31977
31979
31981
31987
31988
31991
31992
32000
32002
32005
32006
32009
32016
32018
32020
32021
32022
32031
32032
32033
32038
32040
32045
32053
32054
32056
32059
32062
32064
32065
32067
32070
32073
32074
32075
32076
32078
32081
32086
32091
32092
32093
32098
32100
32105
32106
32107
32118
32119
32132
32134
32139
32140
32143
32151
32152
32155
32158
32163
32167
32169
32182
32183
32184
32195
32198
32199
32200
32206
32211
32213
32214
32216
32217
32218
32219
32220
32222
32223
32228
32231
32239
32243
32253
32254
32256
32258
32259
32261
32264
32267
32268
32270
32272
32273
32274
32277
32280
32282
32283
32284
32285
32286
32287
65061
65062
32295
32298
32299
32304
32307
32317
32318
32322
32325
32326
32328
32330
32338
32339
32341
32343
32345
32346
32348
32349
32350
32351
32352
32353
32354
32355
32356
32359
32374
32375
32376
32381
32382
32386
32398
32407
32413
32414
32439
32464
32465
32466
32467
32468
32469
32470
32471
32476
32485
32498
32504
32505
32507
32510
32511
32516
32518
32521
32523
32524
32525
32527
32529
32534
65309
32545
32547
32548
32550
32551
32553
32555
32559
32560
32565
32568
32569
32581
32583
32586
32587
32596
32599
32600
32601
32602
32603
32612
65380
32616
32621
32622
32626
32637
32674
32677
32680
32683
32685
32686
32689
32691
32694
32697
32698
32699
32700
32701
32704
32705
32711
32721
32726
32731
32733
32735
32737
32741
32743
32747
32751
32753
32758
32759
32761
32763
32765