32768
69634
69635
32772
28677
53255
40975
69653
28694
69657
24601
40986
12315
40989
16414
40990
40992
69665
40993
12317
40996
16421
16422
16423
40997
16425
16426
36907
69668
20527
24633
36921
36923
36922
36925
36924
36927
36926
16443
28735
24644
36932
69700
12361
32850
12372
69721
69726
69727
36961
32866
36962
28772
36966
69735
20584
69736
69738
69739
28777
32872
41070
12399
41072
41073
12404
36980
20596
36981
36983
36985
20604
36989
69761
28803
69764
36997
69765
12423
28807
28808
69770
20618
69772
20621
37004
20622
20623
28815
20626
32915
37011
32916
28822
37010
28820
16537
69786
20634
69788
24731
69790
12445
69792
37020
16315
16316
69803
69805
69810
28851
69811
28853
20661
69812
32951
69819
69822
69823
69824
20673
69825
69827
24772
69829
69830
69828
69832
41158
28872
69831
28874
28877
28878
69839
69842
69843
69855
32997
28901
32998
33000
37097
41194
69867
28906
69866
69870
69871
41199
33009
69873
33010
16626
69872
16630
37111
28918
37113
69881
20729
28923
69878
37118
69880
69883
28929
20738
69891
28932
20741
41222
20743
16648
69892
16650
33034
41228
20747
69899
33035
33036
33039
28943
20755
33043
69909
33045
69910
20760
28949
69905
28950
20764
69916
69918
69917
69920
24864
69922
24867
69924
24868
24870
24482
33066
69933
69935
33071
33072
69938
69939
33075
69941
33077
33079
24882
70074
70076
33084
41277
33086
33085
66820
24897
24899
12615
69959
69961
20810
16713
69962
69965
24910
69967
69968
69969
69970
69971
69972
69973
69974
69975
69976
69977
69978
69979
29017
69981
70083
69985
69986
69988
69990
69991
69992
69993
16746
29035
69996
70085
69998
41327
41321
41325
41332
41333
41334
24951
24950
24953
24954
24952
41335
70006
29054
41338
41339
70018
70019
70020
70021
24964
24963
37256
70024
70025
33167
70093
29075
16788
24982
29078
29084
70096
29088
33185
70050
29092
41382
33191
41384
41385
70058
29100
25004
25006
16816
25012
37302
25015
70072
70073
25016
29112
37308
25020
70078
70079
25024
33216
70082
33219
12738
33221
12742
25025
70088
33225
29121
33224
12740
33229
37326
70095
37328
70097
37329
70099
20948
20949
20950
70102
70103
20953
20954
70104
37334
70100
70110
70111
33248
70105
70114
66853
70116
70117
70119
25064
70122
20970
70124
70125
70126
16879
70127
70129
37365
29174
29175
16888
70137
25082
25083
25084
25085
25086
16892
70144
20992
33285
70150
33288
33290
12811
70155
70156
70159
33302
29209
70176
70177
29218
41506
37409
25125
37414
29223
21034
70187
29232
21041
21040
33330
53814
21049
33341
25149
70206
33355
37452
29265
29267
25174
25175
33368
25176
25177
25178
25180
12893
29275
25183
41568
37472
33378
25184
21088
29286
29288
33385
70136
29294
17007
33391
37489
37490
37492
12916
29302
29303
12921
29306
29309
25214
29311
33408
29314
33412
29317
21126
21125
33416
17033
14783
12934
25229
37518
17037
17038
17042
17045
17046
33429
12957
12966
12968
25256
25258
25259
25260
12972
25262
25263
12974
12977
25266
25267
12979
25269
28631
17080
29369
25274
33473
25282
37571
25286
70342
17096
17097
25296
25297
37587
17111
13021
33509
13033
13034
13035
33514
33523
41716
17142
25337
70397
37630
70398
13056
70401
37634
37635
70403
37636
13062
37639
17160
37640
70404
70405
33546
33549
33547
37638
33552
25360
33553
17163
29460
70416
33558
17175
13083
29471
17186
11557
21285
29480
21289
37675
21292
13101
13102
17200
37681
13110
21304
41790
13120
33603
25412
41799
29512
37705
37708
37709
21324
17234
13141
13146
21338
29534
17247
29536
37729
21346
17251
21348
29538
21350
29543
54120
25448
17256
17255
17254
13166
13168
17264
33649
13172
25463
13176
29564
25476
33668
25478
29576
25480
25482
33675
33674
37775
29585
21394
13203
37631
25493
33686
66455
33691
17310
17311
17312
17313
17314
29603
33696
13220
29606
33698
37800
25523
17332
29624
21437
13246
33727
29633
66498
13253
37829
29638
17352
37836
54226
54227
33750
17367
25558
41944
41942
33759
29667
25576
41961
66538
33772
66540
66541
37870
33776
41969
66543
29683
36836
41972
66550
25586
33784
33786
33787
33788
33789
21502
33791
29692
29695
33795
33796
33798
37897
33802
33803
33804
33805
29709
33807
13328
37905
33810
33811
29708
33813
33814
33815
29720
29721
25624
29718
33820
29719
33822
29727
33823
25633
29729
29728
29731
29733
21533
29726
42024
37930
17452
37932
37934
37935
21550
42031
33845
29756
17469
66620
29761
66626
13379
13380
66629
37956
13383
13384
25671
25674
13387
29772
66636
66637
66635
29775
33872
42066
13388
33876
40926
13398
33880
13400
13402
33882
42076
13404
33884
33886
33887
13409
33888
33889
33891
33892
13410
33895
25704
25705
25706
13417
29798
66666
25702
25716
66680
25721
66681
25725
66686
29823
33920
66688
38015
38019
17541
38022
21641
25740
66700
33933
25742
29840
66705
25749
33943
66713
29850
33948
33949
29852
29853
33951
33952
33950
33953
29859
33956
29861
33957
33960
13481
21673
21675
33963
33962
33964
33965
33966
38065
33967
25777
33972
33969
33968
33970
33971
66740
25781
25779
25780
38077
21689
21695
29888
29890
29891
25796
38082
29893
29897
38093
17614
21711
38096
38097
34002
34003
38100
34004
34005
38098
34008
38102
17622
29906
38108
42203
34014
42207
38111
17633
66786
25827
38116
21733
25829
17637
38119
13545
25834
17642
34028
29929
29934
29935
66797
34033
25841
34035
21748
34037
34038
34039
66807
34041
13562
34043
34044
34045
34046
66815
34048
66817
34050
34051
34052
66818
34053
34054
34056
13577
34058
34057
34060
34059
34062
13583
34063
34065
34066
21779
13587
25870
34073
13595
34077
42271
66847
42273
42274
42275
66852
42277
34085
42279
66854
42281
38186
13611
66860
13613
25901
66861
25904
66864
66865
13610
42292
13612
27129
13624
42297
38201
42298
66877
30027
17741
25934
30030
17744
66893
34130
17747
17748
17749
17750
17751
17745
21851
30046
17759
17761
25954
17763
21860
66916
66918
17762
20627
36095
21866
21870
21872
13681
25970
25971
25972
17781
30065
36099
21881
25982
34176
25999
30097
26001
30099
26004
26007
26008
17822
30113
26021
30119
17835
17836
17837
26032
26033
25620
34230
13751
34233
30141
21950
34240
34241
17857
38339
34242
38336
42438
30145
13766
67017
38346
13765
26060
26061
26062
42446
38352
30160
67025
34259
38355
21973
13779
26077
26083
38372
26084
13798
42471
26087
38377
26090
38379
13804
38380
38382
13327
38385
30194
38386
38389
38390
13329
38392
38393
38394
38395
26109
38397
26111
34305
42498
38403
42504
26122
26123
30220
42507
26126
38415
22032
22033
26130
22034
26132
26129
26139
34334
13337
26143
26145
26146
17957
17959
13339
26153
26154
30251
67116
13340
26151
26152
42545
33694
30261
38457
30267
28811
26174
22078
30275
67140
26186
26187
30284
42572
26190
17996
26192
26189
30290
13907
38484
26195
26191
26199
30296
26194
30300
22111
18015
30305
34401
28818
32078
18035
28823
67194
67202
30338
67205
30344
30347
30349
34446
40225
22162
34456
30361
26267
26268
22171
30366
34465
30369
42659
26276
34470
22189
42670
30383
30382
30394
18107
38588
18112
34499
34504
18120
18122
18121
14024
26317
14034
30419
30420
18133
30422
26328
38617
14045
69549
14050
18151
26347
18157
26350
34541
18159
18161
18164
26356
30458
67323
38655
18176
42753
34560
26371
67334
34567
18183
18187
42765
38675
38676
34579
22293
22295
34582
38681
26402
14114
22307
22316
22318
22319
14127
67378
42803
42805
38711
34618
26426
26427
42814
18239
30527
18241
14143
14147
18244
18245
26439
23845
14153
18250
22347
22345
26445
42830
22352
26448
26451
30549
22357
26455
26456
26457
18265
26460
22364
22365
26463
34656
13401
67426
67429
18277
13403
67434
38764
67437
67438
67439
38766
38769
67441
38771
13405
38773
38774
67440
38776
38772
14200
42874
30588
42880
26501
26502
67463
26503
38793
38792
38794
30604
25621
30605
30607
38800
26521
70400
25625
69587
30626
38819
34722
69588
34728
22441
34729
34731
34732
67506
38839
34743
22458
34747
67518
34751
27260
22462
22465
22477
38862
30671
22479
30673
30674
22483
30672
26582
26583
26584
42971
18397
22495
22496
26596
30694
69602
14330
26620
34812
14332
21574
22533
43016
30729
30730
30733
26638
30735
30739
34835
22553
14361
22554
22555
26657
26660
22571
18479
34864
28911
38968
38970
26684
38980
18502
30794
67659
34894
22607
69623
18515
22615
30808
69624
22618
22621
18526
34915
22629
22630
34919
22632
34920
34922
34924
34926
22638
22640
18547
63604
34933
26742
34935
34936
30836
34941
18558
34943
34944
25670
34946
34948
34949
34950
34953
34954
67724
22670
18580
67741
14494
39071
33817
30885
34982
30889
67753
18606
14512
30901
67770
14523
67771
30910
14529
39106
35010
35013
67782
33011
67784
30920
28941
22731
14543
14544
14545
14546
26835
14547
14549
18646
30928
18648
67801
26841
18650
30937
18653
26842
26843
35040
35041
22753
13478
35047
22760
35049
35050
26859
35051
35053
22767
67823
35058
35059
14578
20443
30969
30970
30973
22782
18686
18689
14597
14601
35082
18699
22796
14605
14606
14607
68032
22799
26898
67858
30997
14614
67862
14622
18725
67878
18728
18730
26923
18735
35123
43317
35126
67894
31032
26937
26939
22843
14653
35132
14652
35135
26945
39237
35142
18758
31047
18761
35146
31048
18759
26961
39250
26963
39251
22865
26967
18776
35165
35166
22877
67938
26980
18789
35174
39271
26983
31081
18794
43370
14709
31094
14711
18808
39291
67966
35200
35201
35202
35203
29793
27019
27020
35214
27023
35216
35217
35218
27025
35220
27029
27030
27026
27032
35219
24911
27028
27033
31138
35235
35236
68005
68006
27042
31140
35241
27050
27052
68013
14772
18870
22967
35256
27065
27066
18875
27068
27069
27067
68031
27071
68030
14786
43451
22980
14789
14790
35269
35268
35273
68042
22987
22988
27080
18887
22991
22992
27089
27094
14807
35288
35289
18905
21668
35292
35293
35294
35295
35296
23007
35298
18908
14817
23013
27110
68069
35304
27115
14828
23021
23024
27120
27122
23027
23028
18933
18934
14839
27125
27126
27130
35323
27131
18941
27134
18942
27136
27133
14849
68106
43531
68107
68108
39438
31252
68119
68120
23069
35359
18976
35361
23072
23074
68132
68133
35366
23073
18984
39457
18988
35375
27187
19002
27202
27203
27204
27205
27206
14919
27208
27209
27210
27211
27212
27213
19017
19023
27214
68177
12737
19030
68191
23136
68195
27237
31335
23144
39532
19054
39543
31353
23161
35449
35452
23162
23166
35454
35456
35455
27266
27267
31363
31364
19077
35465
19088
19089
31394
39591
23208
27303
68266
39596
68270
31410
39602
31412
23221
23222
15031
27322
31427
27334
31437
31438
27345
13576
35537
31453
19168
35556
15079
35560
27374
35567
27375
35573
68341
27386
35585
35587
27397
27398
31495
31493
68357
27401
31499
27403
27405
35598
27407
31505
68369
27409
27411
35605
35606
23317
27412
27417
15130
35612
27424
27427
27434
27437
19246
68399
68402
68404
68405
19256
15164
15167
15168
35648
68416
27459
20926
15173
27465
27471
27474
27478
19288
19292
68445
19294
19295
23392
19298
19299
19300
27491
27496
27503
35696
31605
39803
23422
27519
27524
27526
31622
31625
31626
31627
68489
35724
68490
68491
27538
35734
19354
68507
25828
19374
68526
35760
31665
25018
23476
23477
31668
31669
23480
23481
23482
23483
31670
23479
23484
35772
35777
35779
19396
23493
35782
19399
35784
35783
35785
35787
35786
25023
31695
15317
31708
35806
31712
31715
31722
35819
68588
35820
68595
31734
68599
31736
31737
19454
19457
39939
27654
27656
27657
35853
23569
35864
23576
35868
35869
27678
27677
27679
19490
35875
35876
35877
39977
27689
68652
27694
23599
27695
31793
27697
27699
68661
38071
27706
35899
35906
31810
35908
68676
31813
31814
35913
35914
35915
19532
31821
31819
35918
35919
35917
64588
68692
23637
19545
31837
35935
19553
27746
15466
27754
31852
23660
27759
19568
66576
27763
27765
35959
31864
31866
27771
31868
27773
31870
42156
27779
19587
35972
19588
31878
19589
27789
68755
15507
27806
68776
19632
19634
36019
36023
31928
36025
31930
31931
31932
68796
31929
40121
31936
42167
36037
31944
36040
31946
31947
36042
19659
36045
27855
68817
31956
19669
15574
19672
19674
19675
27866
31970
68835
34034
31973
31971
27879
23783
27880
31972
68849
31987
68851
23795
23799
23801
36091
23807
32000
34040
32002
36096
36098
68869
27910
32005
32006
11529
32009
23819
33228
23826
23829
27926
27927
36120
40216
23837
23838
15647
32032
11551
11553
11555
15649
11554
68898
40231
11559
23849
11556
11558
40229
68902
27944
27948
11564
68907
11570
32054
19768
32056
32059
19772
15679
32064
32065
32067
36164
32073
32074
27979
32076
19790
27982
27983
32081
68946
19795
68948
27989
27984
68945
32086
19798
27994
32091
32092
32093
27998
19809
32098
40293
68968
23914
28011
32107
28013
68974
36207
40306
37320
19836
60799
15744
15745
23944
28042
19851
28044
40333
69012
28054
32151
23959
23960
19866
19867
19868
19865
28055
40349
28064
19874
28067
28069
40359
28071
15789
15792
32182
32183
32184
69897
24003
40388
15814
28107
36300
24012
32206
24016
40403
69903
40405
33269
15834
69904
40412
40413
40414
32222
33271
40424
40434
69106
69108
15861
15862
28151
69110
15863
28152
40436
36352
28161
36356
69126
36359
69128
32267
69133
28175
60945
32277
69143
32280
69146
40475
69147
32285
40478
69151
32287
65062
40488
28202
20011
28204
24112
24114
24116
36406
24123
20027
20029
11838
28224
11841
28226
11840
40516
11844
11842
20039
24138
32330
69199
15952
28240
32338
24149
32341
28247
32343
32345
32346
36443
32348
32349
32351
69215
20065
11874
28259
32353
69217
69219
32359
11880
28268
40557
28270
28271
28274
69237
36470
28279
69238
32376
69242
40571
28284
32381
69246
24193
11911
24200
28300
28303
40593
36497
28309
28310
24214
13768
69275
69276
69277
69278
69285
28328
24232
69289
36523
28339
36531
28341
36534
36535
24248
36536
36538
20150
20151
20156
20155
24249
20164
28357
28363
16076
24269
69323
28367
69328
69324
69330
69331
20179
69333
32470
20183
69327
20186
28379
36574
42276
12000
24289
24290
36579
24295
42278
16105
24299
24303
69359
69360
69362
69361
36596
69364
69363
69365
69366
24313
36603
16123
69373
24317
24319
16128
32510
24321
24315
16132
69381
20228
32525
16146
32534
32536
32538
28445
32542
40738
28452
12070
12074
69422
69424
69425
24371
69428
69427
66717
16188
40765
24382
40766
40767
69443
36677
24389
24390
24391
16201
66720
24393
20305
12117
24406
32599
40792
32600
40794
32602
40796
24412
40789
40799
36697
69473
16225
69477
69478
28522
28526
28527
40816
28528
28530
28531
36725
40822
36728
36729
40825
32637
16255
12160
69503
40835
12166
12169
40842
20369
20370
69523
12180
28569
40857
40861
40864
28577
40866
40867
16292
24485
20387
24487
40868
16297
16298
36779
36780
69548
16302
16303
36783
36784
36786
36782
69556
36788
36790
16308
32689
36793
16305
16312
69564
36797
16318
16319
12224
36800
69568
24515
36804
40901
12229
28615
12227
36801
32721
28626
12243
12244
36820
36822
36821
40920
36825
40922
36827
36826
36828
36830
28635
36832
36833
69600
12259
69603
32741
36835
12263
36837
36838
36842
36843
20458
36845
36846
12271
36844
32753
40949
40950
12279
12278
32763
12285